309
570
658
1097
1078
844
714
702
862
807
806
669
629
628
642
630
572
580
545
548
460
470
530
521
516
509
477
417
486
442
403
405
390
366
398
382
367
351
334
338
342
360
350
320
280
300
301
295
285
221
288
322
268
304
260
269
259
242
267
220
242
286
247
218
235
226
263
201
244
234
253
226
246
222
205
224
197
199
182
235
235
201
199
169
201
143
158
154
156
178
145
151
140
156
129
138
162
148
162
172
171
187
156
154
177
150
153
144
137
156
155
151
150
162
163
159
190
172
193
171
150
182
180
165
180
213
196
221
172
199
231
262
229
191
308
255
274
256
261
306
327
292
306
286
285
316
331
302
292
365
370
322
445
346
370
337
395
393
393
407
397
390
376
393
430
402
423
471
482
475
455
475
504
574
586
571
598
595
627
604
608
656
681
648
700
678
701
612
663
811
874
841
841
820
754
905
1019
1102
716
605
