356
650
666
635
691
608
658
673
670
654
693
611
643
683
690
673
682
665
641
682
640
705
698
639
683
606
714
613
649
628
686
668
655
693
642
679
709
687
660
715
649
656
670
685
669
741
663
661
684
675
665
661
623
670
683
683
704
683
667
689
661
643
680
681
609
661
647
651
679
610
659
653
678
653
667
642
651
675
670
706
671
634
635
700
638
544
211
89
67
22
11
4
3
6
2
4
1
1
0
0
1
0
2
0
1
0
0
0
0
0
0
0
0
1
0
0
0
0
0
0
1
0
0
0
0
0
0
0
0
0
0
0
0
0
0
1
0
0
0
0
0
0
0
1
0
0
0
0
0
0
0
0
0
0
0
0
0
0
0
0
0
0
0
0
0
0
0
0
0
0
1
0
0
0
0
0
0
0
0
0
0
0
0
0
0
0
0
0
0
1
0
0
0
0
0
1
0
0
1
1
0
1
1
2
2
3
3
7
8
6
15
19
19
48
90
197
257
317
602
667
685
654
692
632
680
689
643
637
647
697
653
687
625
672
690
661
650
667
657
683
697
653
680
643
711
669
700
664
655
669
705
682
659
701
657
631
712
669
699
714
677
662
647
668
676
683
679
636
653
608
662
709
648
644
690
613
660
657
675
702
651
645
663
664
655
663
675
677
641
641
674
696
698
630
620
666
678
667
637
665
