346
667
668
681
687
671
664
616
670
654
674
707
632
674
699
661
714
669
666
653
686
684
644
677
603
665
655
689
670
680
656
679
694
679
637
693
649
639
633
617
649
663
640
660
658
689
705
668
700
705
682
662
680
649
661
687
676
657
619
680
670
654
668
706
616
624
697
714
690
689
686
663
651
671
649
670
644
668
696
602
655
646
612
350
243
166
90
40
22
17
10
9
4
4
5
5
4
1
0
2
0
0
0
0
1
2
1
0
0
0
0
0
0
0
0
0
0
0
0
1
0
0
0
1
0
0
0
0
0
0
0
0
1
0
0
0
0
0
0
0
0
0
0
0
0
0
0
0
0
0
0
0
0
1
0
0
0
0
0
0
0
0
1
0
0
0
0
0
0
0
1
0
0
0
0
0
0
0
0
0
1
0
0
0
0
0
0
0
1
0
0
1
0
0
0
0
0
0
0
1
2
1
0
0
3
1
3
1
5
2
10
18
57
97
216
524
684
710
677
683
693
726
674
667
689
686
672
706
607
646
633
659
685
682
671
692
683
651
689
677
683
667
683
663
654
655
746
669
691
680
658
699
676
679
579
647
709
679
689
676
663
698
704
619
699
643
653
670
694
638
690
642
691
625
651
671
615
666
700
660
646
691
625
637
679
679
642
679
654
622
665
702
625
675
660
656
639
677
692
658
