249
473
533
934
958
727
596
600
682
703
658
612
607
522
557
541
496
505
476
549
499
398
420
405
465
417
393
383
354
322
372
381
374
295
323
295
374
312
329
310
309
275
275
251
287
276
286
237
262
222
269
289
215
252
266
226
242
212
223
203
200
219
186
235
243
226
245
194
210
194
211
229
189
198
177
185
183
188
185
168
183
143
152
149
141
125
172
132
142
138
145
143
157
135
133
152
118
153
157
160
150
162
136
143
177
154
124
159
128
127
135
119
115
126
157
138
173
124
142
140
153
176
157
162
156
171
160
162
186
159
182
184
208
202
234
250
248
224
264
256
272
248
285
285
269
303
270
329
282
354
310
280
384
333
372
355
329
342
365
431
365
363
370
380
433
394
455
396
460
423
412
453
492
486
499
564
517
557
571
569
494
610
581
621
631
606
622
551
690
742
726
728
730
739
659
771
919
1005
551
523
