333
659
677
672
679
671
644
678
686
677
667
640
652
675
628
655
657
669
663
678
660
669
654
648
637
692
638
650
648
641
690
644
664
688
640
664
655
628
669
681
638
636
668
667
667
664
710
641
679
646
643
666
660
663
621
607
639
655
651
690
660
699
635
652
658
667
646
601
650
671
678
722
671
692
678
716
653
622
675
682
400
419
385
215
251
191
79
51
30
16
10
6
5
9
2
3
4
1
0
1
1
1
0
2
1
2
0
1
0
1
0
0
1
0
1
0
0
2
0
0
0
1
0
0
0
0
1
0
0
0
0
0
0
0
0
0
0
1
0
0
0
0
0
0
1
0
0
0
0
0
0
0
0
0
0
0
0
0
0
0
0
0
0
0
2
0
0
0
0
1
0
0
0
0
0
0
0
0
0
0
1
1
0
0
0
1
0
0
0
1
0
0
0
0
2
0
2
0
0
0
2
1
3
3
2
4
3
9
8
13
14
28
66
81
95
225
233
353
419
393
448
714
682
690
688
646
640
668
663
651
696
651
692
666
708
647
640
636
679
692
665
727
681
649
664
683
705
679
695
664
642
692
662
663
675
647
653
688
718
644
715
636
669
634
642
658
713
643
624
682
664
681
673
647
618
661
667
662
696
700
650
644
678
673
666
687
655
669
694
655
671
675
674
682
677
673
688
687
706
701
