490
986
977
982
978
979
980
980
989
984
982
973
984
986
990
982
983
987
971
984
981
986
981
985
987
990
987
980
978
979
988
981
980
980
980
984
978
982
982
982
980
977
980
972
982
961
951
877
853
792
771
722
646
628
589
572
586
540
493
458
459
419
374
379
394
312
352
318
316
276
257
250
235
218
233
210
173
190
167
164
178
148
149
124
130
122
124
108
109
125
129
125
111
132
118
150
141
125
106
136
136
129
108
110
123
119
117
125
120
119
127
122
126
111
130
125
120
145
137
152
179
192
175
153
195
231
225
184
253
238
241
286
313
315
357
356
374
386
393
436
436
447
533
528
565
577
574
652
653
706
760
846
846
909
929
960
981
971
985
986
981
982
983
981
973
977
980
981
980
981
985
984
977
980
973
984
989
986
979
983
980
983
979
982
976
988
984
977
985
983
981
982
984
977
987
982
980
983
974
979
