3280
6547
6540
6542
6565
6539
6551
6541
6538
6536
6523
6554
6534
6521
6543
6544
6534
6539
6530
6557
6542
6546
6536
6543
6551
6543
6551
6548
6537
6545
6541
6542
6565
6522
6545
6550
6558
6523
6547
6542
6529
6533
6531
6530
6536
6541
6528
6533
6539
6522
6568
6539
6555
6538
6539
6543
6525
6551
6545
6539
6564
6551
6534
6556
6531
6539
6544
6536
6516
6543
6533
6549
6547
6530
6528
6558
6544
6543
6546
6550
6512
6540
6562
6535
6547
6542
6540
6558
6548
6551
6528
6533
6540
6557
6543
6535
6545
6524
6516
6563
6533
6538
6533
6540
6527
6531
6542
6535
6512
6551
6344
5623
5681
5651
5617
4975
4859
4833
4910
4720
4174
4137
4193
4164
3824
3783
3743
3802
3635
3258
3236
3274
3238
3111
2935
2963
2945
2941
2408
2388
2369
2422
2434
2421
2373
2413
2389
2135
2042
2130
2104
1788
1793
1739
1829
1699
1451
1516
1449
1432
1275
1197
1244
1262
1219
1104
1094
1098
1105
991
957
931
1038
979
828
777
827
795
810
843
844
801
880
870
910
910
910
855
858
886
925
869
852
864
804
868
887
868
899
887
898
878
924
931
887
1010
953
922
923
921
925
906
912
882
848
822
825
832
818
772
803
807
822
875
959
930
924
915
869
800
798
827
739
821
809
782
813
877
880
868
910
944
939
935
899
920
925
915
955
967
896
891
901
940
863
853
812
853
870
928
886
952
865
861
954
929
925
898
865
852
877
816
901
828
820
858
814
982
963
1026
998
1030
1122
1045
1090
1111
1208
1228
1232
1319
1332
1415
1452
1452
1445
1669
1766
1893
1714
1781
2092
2122
2062
2084
2345
2395
2467
2433
2441
2390
2407
2434
2365
2794
3014
2929
2908
3100
3270
3255
3267
3309
3643
3782
3803
3718
3845
4141
4107
4197
4188
4639
4805
4873
4836
5036
5660
5639
5646
5614
6320
6529
6534
6523
6549
6546
6543
6520
6547
6534
6553
6537
6523
6549
6559
6564
6548
6547
6543
6533
6546
6530
6545
6564
6536
6542
6540
6559
6550
6571
6539
6554
6538
6567
6544
6557
6541
6537
6555
6541
6544
6566
6520
6547
6534
6542
6520
6551
6542
6544
6537
6552
6551
6544
6545
6540
6543
6539
6544
6548
6555
6541
6539
6541
6530
6544
6527
6543
6559
6551
6557
6549
6531
6541
6532
6521
6529
6552
6542
6542
6545
6533
6524
6538
6541
6539
6545
6544
6537
6553
6550
6552
6542
6550
6552
6566
6549
6539
6526
6519
6537
6535
6539
6532
6548
6523
6547
6545
6545
6531
