3262
6520
6521
6522
6537
6533
6547
6540
6539
6546
6540
6521
6529
6516
6522
6515
6542
6536
6548
6547
6524
6530
6550
6543
6502
6531
6522
6549
6540
6532
6538
6546
6542
6539
6537
6528
6548
6543
6516
6544
6545
6559
6542
6537
6529
6529
6539
6538
6541
6550
6529
6526
6529
6545
6542
6536
6542
6554
6539
6533
6551
6531
6538
6543
6519
6535
6536
6543
6532
6534
6523
6540
6533
6544
6539
6559
6555
6539
6525
6536
6552
6535
6546
6545
6538
6528
6555
6552
6530
6533
6536
6542
6548
6537
6533
6530
6535
6530
6526
6527
6530
6521
6529
6538
6551
6518
6536
6564
6531
6525
6558
6534
6534
6539
6526
6538
6531
6550
6518
6541
6528
6552
6546
6537
5916
5662
5596
5622
5181
3772
3783
3843
3725
2855
2521
2589
2541
2282
1774
1754
1734
1818
1378
1233
1246
1141
1171
914
874
931
937
932
932
948
958
934
953
907
931
974
957
895
980
961
923
922
909
925
890
993
927
891
967
939
926
892
969
920
945
934
970
919
916
949
936
926
933
941
967
939
967
921
892
877
866
894
871
870
864
881
898
898
919
963
899
908
892
853
927
866
923
915
919
841
885
961
890
888
877
774
830
835
872
919
979
957
955
921
836
847
812
906
843
926
897
919
902
885
899
923
911
880
910
892
865
906
891
901
888
880
885
874
897
929
932
858
926
886
888
948
918
954
910
900
921
920
942
891
897
958
931
946
924
876
941
928
979
970
929
937
921
971
959
943
979
914
923
902
930
948
976
948
919
940
919
926
935
907
991
972
898
940
983
894
1099
1238
1192
1210
1371
1759
1808
1758
1810
2297
2507
2491
2490
2865
3822
3767
3741
3847
5167
5596
5607
5605
5836
6532
6548
6529
6544
6528
6557
6539
6535
6552
6533
6529
6554
6557
6516
6518
6538
6519
6526
6523
6522
6527
6541
6553
6544
6543
6537
6536
6546
6536
6534
6539
6553
6526
6523
6537
6546
6534
6541
6536
6538
6537
6534
6532
6535
6550
6537
6543
6524
6534
6519
6543
6537
6500
6539
6536
6538
6535
6533
6510
6532
6545
6545
6528
6520
6522
6545
6559
6531
6549
6535
6543
6539
6543
6544
6533
6556
6544
6556
6543
6538
6531
6539
6527
6551
6517
6555
6532
6555
6550
6563
6542
6530
6531
6553
6546
6543
6521
6526
6522
6543
6561
6532
6541
6541
6555
6551
6549
6534
6524
6527
6536
6545
6546
6559
6558
6545
6556
6522
6558
6542
6545
6532
6522
