287
698
681
663
642
617
651
644
692
651
657
699
647
694
653
670
647
612
634
677
644
701
641
686
658
688
658
681
658
690
649
673
687
672
636
666
683
651
635
640
705
685
660
676
660
649
663
603
659
651
671
660
644
667
631
682
641
689
699
652
668
660
684
639
636
668
654
654
662
678
674
664
653
695
647
669
685
632
680
637
697
632
660
671
621
540
275
176
65
42
24
6
5
0
4
1
1
0
1
1
3
0
2
1
1
0
3
0
0
0
0
0
0
0
0
0
0
0
0
0
0
0
0
0
0
0
0
0
0
0
0
0
0
0
0
0
0
0
0
0
0
0
0
0
0
0
0
0
0
0
0
0
0
0
0
0
0
0
0
0
0
0
1
0
0
0
0
0
0
0
1
0
0
0
0
0
1
0
0
0
0
0
0
1
0
1
1
0
0
0
1
0
1
0
0
0
1
0
1
1
0
0
3
1
2
8
6
3
7
14
12
14
23
32
48
126
135
206
392
388
397
550
676
677
654
653
668
659
613
725
730
690
695
669
693
691
732
682
657
619
646
686
674
685
643
689
622
644
639
714
672
663
716
650
692
639
701
690
669
651
698
672
683
687
688
693
657
645
685
648
660
656
653
675
622
731
626
631
666
673
639
692
660
675
671
690
697
661
658
672
697
663
646
635
671
719
687
704
669
637
