3279
6547
6548
6550
6539
6531
6534
6556
6547
6543
6529
6538
6554
6550
6524
6553
6546
6546
6553
6525
6536
6528
6511
6542
6557
6543
6563
6550
6533
6537
6532
6542
6542
6538
6533
6534
6548
6544
6544
6540
6530
6546
6552
6554
6533
6546
6521
6529
6550
6541
6525
6549
6547
6555
6536
6527
6543
6551
6513
6544
6543
6538
6538
6535
6530
6550
6538
6564
6548
6545
6544
6525
6544
6545
6543
6542
6543
6533
6526
6553
6527
6530
6554
6525
6536
6525
6537
6533
6538
6540
6515
6556
6531
6535
6535
6553
6535
6553
6560
6555
6544
6539
6541
6527
6531
6546
6545
6541
6554
6548
6565
6544
6553
6569
6526
5659
5344
5306
5366
5119
4589
4597
4636
4630
3975
3718
3752
3760
3620
3063
3118
3092
3205
2798
2705
2690
2705
2608
2409
2448
2437
2462
2312
2117
2169
2137
2085
1658
1634
1723
1678
1520
1455
1461
1514
1427
1291
1382
1287
1368
1195
1103
1218
1127
1126
973
953
1003
1031
892
866
898
900
865
965
962
913
892
937
928
940
893
939
918
895
934
887
918
910
916
902
924
885
902
885
903
917
914
974
924
937
918
942
941
945
976
1027
923
954
943
866
808
876
861
875
824
786
873
814
820
848
895
868
944
963
918
922
928
865
860
809
865
842
826
830
851
838
799
880
831
872
898
881
942
917
932
962
942
891
916
896
934
872
923
870
919
882
898
883
937
913
925
944
887
889
881
869
870
903
890
880
887
897
955
946
959
944
870
812
871
834
868
972
940
973
972
1174
1119
1105
1150
1226
1354
1349
1286
1335
1424
1575
1531
1489
1542
1736
1669
1649
1766
2119
2200
2251
2233
2299
2384
2443
2395
2426
2657
2686
2562
2680
2792
3063
3062
3094
3037
3529
3742
3777
3736
3981
4603
4605
4663
4628
5199
5374
5422
5353
5636
6539
6552
6552
6540
6560
6516
6524
6552
6537
6553
6561
6532
6542
6536
6548
6522
6538
6551
6539
6539
6545
6561
6519
6550
6549
6537
6534
6552
6540
6542
6549
6525
6536
6517
6527
6563
6541
6556
6531
6563
6531
6547
6545
6546
6561
6537
6539
6527
6543
6540
6538
6536
6523
6523
6522
6525
6551
6540
6530
6551
6551
6529
6525
6560
6540
6527
6541
6535
6530
6548
6544
6548
6545
6553
6540
6551
6534
6518
6558
6545
6542
6535
6553
6542
6540
6553
6527
6545
6527
6539
6541
6533
6539
6547
6560
6537
6541
6531
6551
6538
6548
6524
6553
6530
6546
6541
6543
6540
6548
6547
6536
6562
6549
6558
