357
637
646
660
677
723
649
694
635
697
623
658
676
676
678
697
679
631
674
690
655
637
669
701
665
673
670
693
700
693
667
654
690
676
620
619
661
678
655
672
672
611
652
687
705
663
654
684
641
633
700
712
670
669
708
679
658
637
736
668
607
657
694
689
685
693
688
690
668
668
671
654
660
634
624
674
670
634
690
521
401
425
384
189
167
129
61
39
22
15
4
8
7
8
8
7
3
4
3
0
1
0
2
0
3
0
3
0
0
0
0
0
0
0
0
1
0
0
0
0
1
0
0
0
0
0
0
0
0
0
0
0
0
0
0
0
0
0
0
0
0
0
1
0
0
0
0
0
0
0
0
0
0
0
0
0
1
0
0
0
0
0
0
0
0
0
0
0
0
0
0
0
0
0
0
0
0
0
0
0
0
0
0
0
0
0
0
0
1
0
1
1
0
0
0
0
0
0
0
1
1
1
1
1
4
2
1
3
6
11
16
43
106
146
261
508
709
684
641
687
627
618
667
655
653
667
625
710
686
694
661
600
651
693
663
644
627
675
658
691
646
695
673
698
664
661
663
676
691
666
634
662
684
678
617
688
659
674
632
634
652
700
662
658
656
684
694
667
693
715
643
648
717
707
686
672
668
651
688
641
662
698
673
648
670
687
648
659
630
670
643
642
697
671
675
649
659
675
604
692
