3268
6543
6537
6539
6547
6547
6555
6529
6537
6542
6539
6533
6559
6535
6549
6540
6554
6543
6548
6549
6548
6553
6528
6538
6554
6556
6538
6545
6545
6541
6528
6534
6538
6541
6539
6535
6552
6536
6545
6547
6521
6544
6529
6531
6559
6575
6552
6529
6526
6545
6551
6562
6559
6553
6530
6547
6554
6551
6562
6540
6544
6558
6542
6567
6544
6553
6545
6542
6548
6538
6538
6548
6549
6547
6543
6544
6532
6519
6546
6557
6517
6535
6550
6554
6546
6534
6543
6540
6562
6543
6525
6547
6542
6555
6520
6537
6546
6544
6569
6546
6559
6540
6550
6553
6559
6554
5856
5635
5617
5585
5465
4817
4885
4873
4843
4645
4621
4683
4636
4488
3990
4039
4020
3911
3701
3638
3540
3548
3415
3118
3135
3033
3051
2995
2850
2969
3000
2848
2481
2571
2493
2528
2349
2312
2310
2331
2262
2226
2200
2216
2139
1968
1962
1933
1887
1827
1742
1858
1827
1778
1597
1555
1567
1536
1524
1401
1422
1389
1393
1302
1230
1299
1255
1191
1183
1124
1110
1101
1017
1034
1044
1004
939
984
915
933
959
890
861
880
840
904
853
850
815
866
856
831
799
849
927
849
807
840
860
852
898
855
901
901
762
754
765
763
796
857
819
819
792
756
741
702
793
815
764
818
789
779
787
731
705
731
816
857
815
815
768
743
755
818
790
836
873
880
917
856
838
819
866
842
880
844
809
873
811
855
825
843
900
863
896
942
884
895
914
966
888
953
1006
1081
1034
1052
1054
1138
1135
1173
1105
1230
1268
1256
1262
1258
1416
1388
1468
1352
1538
1560
1504
1518
1595
1817
1771
1782
1780
1833
1913
1904
1834
1923
2194
2218
2149
2136
2312
2228
2245
2231
2346
2563
2532
2582
2536
2821
3003
2912
2945
2967
3061
3076
3111
3045
3427
3561
3610
3614
3748
3924
3986
4012
3994
4382
4603
4527
4609
4663
4836
4883
4837
4922
5473
5714
5626
5592
5875
6527
6554
6541
6550
6563
6534
6537
6542
6536
6539
6550
6531
6537
6536
6569
6549
6553
6530
6561
6543
6549
6544
6533
6546
6541
6533
6532
6545
6536
6543
6527
6546
6553
6562
6558
6542
6550
6552
6541
6530
6554
6537
6550
6555
6551
6553
6544
6528
6550
6552
6554
6567
6546
6543
6544
6549
6556
6552
6559
6529
6555
6538
6567
6537
6526
6551
6546
6547
6534
6554
6536
6558
6556
6545
6547
6554
6533
6547
6537
6535
6546
6547
6546
6549
6555
6545
6545
6554
6520
6537
6536
6532
6534
6519
6546
6546
6548
6546
6542
6535
6547
6545
6538
6551
6553
