293
560
666
1068
1092
852
719
703
808
867
814
658
639
637
702
640
575
611
589
521
522
498
495
499
488
481
476
494
492
464
464
414
390
370
359
380
400
376
362
364
333
389
318
334
306
288
325
286
332
241
297
314
262
292
278
291
274
231
244
229
246
250
260
234
218
204
277
226
256
208
224
227
225
248
231
235
200
205
212
221
240
228
203
174
162
178
137
176
161
146
162
186
148
170
151
135
143
144
161
188
194
165
180
153
143
161
137
149
156
137
162
163
168
146
157
150
177
178
170
183
169
183
166
177
202
170
177
198
169
189
196
219
235
233
290
284
279
280
283
306
290
309
310
313
284
296
295
335
289
380
339
338
385
377
360
361
398
364
365
399
387
378
389
383
395
427
432
465
484
473
485
493
502
536
548
587
606
633
610
611
584
631
632
672
715
667
737
646
696
838
823
851
834
857
789
878
1059
1122
676
613
