283
589
690
1074
1056
877
695
750
823
822
731
656
640
625
689
633
640
514
570
575
504
513
521
527
541
484
434
423
426
449
438
392
390
357
381
375
378
330
370
349
353
370
324
309
318
316
326
291
334
256
259
292
243
278
266
281
256
280
288
237
264
250
235
224
229
229
245
243
236
212
242
223
217
216
233
220
206
216
192
183
227
216
204
195
179
148
176
157
158
154
160
157
136
153
145
144
147
144
173
178
193
144
164
167
180
183
169
151
147
154
162
167
149
177
152
167
159
161
167
170
182
174
184
193
174
202
213
217
201
165
199
219
245
216
271
262
264
288
256
265
310
274
304
275
302
290
299
357
307
353
384
288
389
332
363
346
418
304
364
370
329
387
401
378
394
407
447
417
448
457
450
496
503
531
534
564
578
596
608
611
544
663
692
656
676
696
740
640
744
771
853
812
802
835
778
867
1107
1116
674
611
