348
653
719
643
655
671
678
652
660
694
664
695
703
639
663
694
680
679
620
685
636
663
674
714
660
680
676
656
649
664
652
678
659
678
668
704
625
674
666
639
664
658
670
644
683
655
638
661
693
644
672
641
693
686
659
643
646
625
682
693
628
656
655
637
635
652
646
703
698
648
673
673
645
690
659
610
691
707
670
495
398
404
394
193
132
145
78
43
17
17
12
5
2
10
6
8
9
5
4
1
2
2
3
1
2
0
1
0
1
0
1
3
0
0
1
0
0
1
0
0
0
0
0
0
0
0
0
0
0
0
1
0
0
0
0
0
0
0
0
0
0
0
0
0
0
0
0
0
0
0
0
0
0
0
0
0
0
0
0
0
0
0
0
0
0
0
0
0
1
0
0
0
0
0
0
0
0
1
0
0
1
0
2
0
1
0
0
2
0
0
0
2
1
1
0
1
0
1
0
1
1
1
1
2
6
7
2
7
8
5
7
14
33
36
61
115
160
224
393
672
700
711
696
692
654
625
685
678
639
660
691
671
698
668
667
687
629
656
659
659
647
693
695
660
642
602
691
626
670
651
657
664
628
665
651
655
649
662
688
683
681
719
685
613
691
675
643
658
671
684
678
716
699
671
652
643
687
700
669
655
709
685
649
669
683
607
656
630
639
659
664
660
648
654
667
677
634
620
691
688
