3278
6543
6539
6539
6527
6528
6553
6542
6526
6528
6512
6559
6570
6555
6545
6541
6494
6535
6543
6535
6518
6526
6541
6526
6555
6542
6548
6538
6519
6514
6546
6556
6552
6531
6553
6557
6546
6556
6540
6540
6539
6525
6539
6526
6547
6546
6548
6525
6538
6531
6529
6524
6546
6538
6536
6565
6516
6551
6544
6557
6549
6558
6543
6551
6559
6532
6525
6523
6533
6540
6541
6523
6548
6557
6555
6543
6529
6546
6529
6547
6553
6529
6551
6555
6564
6538
6518
6535
6531
6520
6531
6542
6542
6527
6535
6541
6544
6543
6542
6543
6558
6529
6556
6530
6533
6559
6560
6540
6540
6520
6547
6545
6522
6539
6516
5679
5305
5371
5303
5162
4586
4599
4654
4649
3960
3773
3725
3802
3611
3212
3092
3089
3039
2848
2708
2733
2687
2565
2443
2404
2337
2397
2320
2197
2142
2136
2043
1674
1789
1680
1768
1482
1484
1446
1454
1416
1305
1333
1358
1382
1192
1154
1129
1146
1102
937
938
1003
1018
876
878
866
867
847
980
943
964
948
901
920
852
892
847
907
910
881
867
885
881
880
899
877
866
959
915
897
935
942
927
958
920
988
947
934
941
926
938
923
953
914
855
819
858
829
831
847
856
839
818
877
891
854
835
890
949
959
928
938
853
864
872
812
874
896
840
800
852
864
857
864
865
910
958
952
922
943
906
918
901
975
972
959
971
934
866
854
888
860
908
950
879
895
906
910
915
906
878
884
881
861
912
921
856
915
956
984
920
870
865
822
809
828
964
1015
936
938
1065
1139
1176
1167
1181
1265
1416
1329
1321
1396
1478
1412
1494
1503
1751
1687
1678
1710
2052
2259
2168
2204
2261
2467
2433
2457
2465
2539
2668
2667
2664
2751
3094
3112
3091
3076
3559
3864
3766
3794
3973
4613
4607
4594
4624
5219
5400
5350
5344
5644
6537
6544
6544
6549
6545
6541
6532
6530
6531
6530
6534
6524
6540
6550
6536
6535
6535
6542
6550
6530
6548
6537
6554
6556
6548
6519
6523
6533
6537
6544
6538
6540
6547
6544
6531
6529
6543
6546
6547
6549
6532
6525
6530
6564
6536
6544
6557
6551
6529
6524
6542
6557
6533
6546
6546
6537
6537
6555
6537
6542
6542
6539
6551
6526
6537
6538
6542
6546
6539
6553
6550
6523
6543
6562
6533
6537
6545
6543
6555
6543
6549
6537
6542
6535
6560
6542
6546
6536
6542
6540
6539
6529
6534
6538
6547
6536
6544
6537
6530
6512
6533
6541
6535
6527
6545
6531
6532
6538
6543
6544
6543
6536
6521
6553
