301
547
665
1084
1080
862
727
762
814
779
762
627
622
629
678
663
547
564
512
551
458
468
490
507
521
467
440
430
447
478
427
413
379
423
366
417
407
317
349
365
308
386
342
298
296
303
316
316
345
260
267
333
268
307
261
242
265
214
271
239
244
294
252
251
226
243
239
234
225
214
226
214
237
221
240
219
220
202
210
186
214
218
216
189
161
168
174
175
194
158
139
172
142
142
153
134
147
159
154
160
175
156
166
175
169
155
164
154
148
148
158
167
154
178
159
175
163
178
178
167
158
176
188
188
175
167
193
181
159
197
204
190
221
232
300
269
270
305
298
323
319
294
292
317
300
317
328
350
291
353
327
361
370
337
334
375
382
341
399
434
347
364
434
394
436
442
456
451
493
474
472
490
495
494
593
590
546
604
629
629
579
606
665
629
690
677
749
634
738
783
861
804
849
830
741
858
1032
1159
691
632
