3263
6553
6496
6526
6553
6528
6533
6523
6528
6526
6526
6536
6543
6544
6544
6542
6529
6545
6536
6555
6547
6542
6550
6544
6551
6529
6544
6534
6523
6537
6527
6539
6534
6532
6555
6537
6526
6526
6556
6525
6526
6535
6542
6544
6537
6533
6524
6524
6535
6553
6552
6527
6524
6513
6543
6559
6518
6538
6531
6559
6521
6548
6535
6540
6533
6522
6556
6528
6540
6532
6543
6541
6539
6544
6558
6534
6536
6537
6542
6537
6515
6542
6534
6548
6543
6548
6521
6536
6532
6531
6547
6544
6548
6534
6525
6544
6543
6523
6541
6568
6537
6547
6543
6538
6538
6536
6540
6542
6553
6522
6546
6545
6522
6543
6516
6545
6531
6518
6526
6515
6549
6531
6524
6528
6528
6521
6538
6522
6326
5665
5601
5627
5629
3265
2562
2447
2498
2208
1189
1190
1228
1222
1026
954
866
928
932
942
861
933
913
912
886
955
932
958
860
848
880
890
884
888
867
855
892
883
879
899
897
892
871
906
898
839
870
890
921
938
873
883
917
918
882
910
897
905
925
899
827
921
894
862
930
884
938
857
899
891
904
909
905
899
869
933
893
862
885
897
899
892
908
898
888
905
911
904
919
914
918
885
848
930
837
901
926
942
996
905
919
926
855
851
947
866
887
896
917
913
858
880
860
895
917
832
912
873
913
877
879
881
920
873
842
871
888
879
907
915
897
850
889
908
873
889
881
875
929
894
861
897
857
898
868
881
893
902
947
968
872
853
923
864
929
901
906
883
874
881
833
897
951
902
897
908
871
922
891
942
938
979
960
903
963
949
992
899
914
915
1005
1210
1203
1173
1179
2247
2443
2513
2528
3261
5662
5630
5618
5589
6303
6526
6525
6539
6528
6509
6542
6531
6539
6545
6538
6534
6518
6526
6538
6552
6531
6541
6510
6552
6550
6545
6539
6524
6534
6537
6533
6552
6515
6536
6545
6538
6564
6538
6541
6535
6491
6519
6532
6551
6540
6558
6543
6532
6547
6531
6537
6523
6548
6536
6552
6533
6535
6547
6550
6545
6541
6529
6547
6537
6511
6528
6530
6547
6532
6528
6548
6543
6540
6553
6531
6526
6525
6515
6520
6550
6516
6550
6549
6558
6534
6547
6512
6515
6537
6527
6547
6508
6523
6526
6533
6538
6527
6545
6536
6531
6540
6530
6544
6559
6517
6542
6538
6534
6538
6532
6542
6525
6523
6518
6554
6530
6542
6523
6530
6529
6560
6553
6532
6551
6543
6542
6534
6528
6527
6540
6536
6543
