299
666
665
684
664
659
690
650
658
639
682
707
662
617
677
691
700
655
670
675
674
651
685
683
706
689
691
641
677
669
688
649
672
674
638
653
669
694
654
680
657
713
629
715
648
661
693
665
712
689
716
681
650
699
641
654
649
672
664
660
642
689
705
647
680
654
684
688
689
685
681
663
722
668
661
644
678
658
632
670
643
684
614
356
171
109
66
30
16
11
8
4
2
6
3
3
1
3
0
3
2
8
4
4
2
0
0
1
0
2
0
0
0
0
0
0
1
0
0
1
0
0
0
0
0
0
0
0
0
0
0
0
0
0
0
1
0
0
0
0
0
0
0
0
0
0
0
1
0
0
0
0
0
0
0
0
0
0
0
0
0
0
0
1
1
0
0
0
0
0
0
0
0
0
0
0
0
0
1
0
0
0
0
0
0
0
0
0
0
0
0
0
2
0
0
0
1
1
1
2
2
0
1
1
2
6
3
5
29
28
30
46
72
109
164
323
412
536
672
643
699
636
710
660
712
684
690
614
625
724
639
701
646
673
664
680
673
631
673
668
710
641
703
648
644
739
652
633
645
646
660
667
656
664
648
666
620
690
641
655
648
678
671
720
655
660
689
670
664
667
648
639
681
658
686
647
677
674
626
687
651
691
659
694
659
662
640
639
673
661
676
633
684
685
649
658
636
664
621
619
