3266
6539
6541
6537
6530
6554
6574
6556
6524
6527
6557
6552
6530
6525
6547
6549
6534
6531
6531
6542
6556
6541
6557
6537
6533
6559
6537
6563
6552
6563
6561
6550
6542
6550
6552
6556
6530
6529
6554
6542
6538
6561
6552
6512
6521
6553
6559
6540
6534
6538
6551
6534
6539
6524
6545
6527
6539
6537
6539
6540
6543
6555
6551
6546
6518
6525
6546
6548
6544
6529
6553
6537
6532
6545
6553
6547
6534
6552
6539
6543
6533
6541
6543
6561
6533
6540
6556
6536
6530
6547
6567
6552
6546
6554
6539
6529
6539
6559
6525
6541
6546
6534
6555
6527
6531
6556
6300
6242
6218
6212
5972
5416
5292
5390
5295
5001
4866
4843
4857
4695
3996
4061
3992
3965
3802
3815
3793
3831
3744
3296
3299
3327
3308
2980
2950
2938
2959
2839
2500
2520
2651
2567
2405
2452
2433
2435
2374
2215
2193
2129
2243
1888
1731
1783
1837
1767
1704
1722
1690
1646
1395
1424
1344
1339
1334
1434
1410
1390
1346
1165
987
1023
1035
1096
1160
1094
1074
1073
884
901
901
886
877
843
942
905
866
855
839
833
910
850
759
836
843
787
813
864
825
867
873
855
832
829
888
828
817
817
872
801
873
799
807
889
817
779
830
777
778
743
838
861
844
783
869
841
892
770
786
776
817
747
812
824
836
758
818
841
886
830
837
829
901
845
873
839
933
898
879
813
854
825
840
835
846
838
829
782
830
823
845
831
864
847
902
877
867
929
892
861
843
840
925
1102
1101
1037
1042
1100
989
1070
1038
1147
1338
1408
1378
1437
1269
1282
1325
1336
1431
1723
1716
1658
1661
1756
1748
1718
1771
1900
2212
2147
2272
2242
2291
2454
2425
2430
2493
2551
2595
2596
2531
2804
2980
2963
2989
3043
3283
3287
3295
3300
3652
3797
3788
3898
3778
3932
3976
4020
3957
4676
4884
4841
4879
4939
5318
5370
5313
5337
6000
6187
6203
6264
6311
6541
6534
6551
6536
6548
6541
6539
6546
6553
6529
6543
6531
6527
6542
6534
6562
6545
6560
6555
6522
6539
6556
6532
6550
6567
6539
6566
6537
6570
6539
6542
6549
6553
6546
6553
6544
6566
6554
6563
6543
6538
6545
6519
6529
6565
6547
6545
6541
6559
6548
6553
6539
6544
6534
6561
6556
6538
6543
6533
6554
6535
6526
6521
6568
6546
6553
6538
6541
6553
6545
6544
6553
6544
6543
6538
6547
6522
6562
6543
6548
6561
6536
6546
6539
6534
6533
6541
6532
6555
6541
6542
6542
6532
6553
6551
6554
6521
6533
6551
6547
6537
6549
6518
6541
6562
