3256
6515
6541
6542
6550
6549
6553
6540
6550
6537
6540
6554
6549
6542
6529
6540
6552
6558
6546
6573
6525
6562
6539
6550
6537
6557
6541
6567
6562
6539
6551
6556
6538
6569
6552
6551
6566
6548
6556
6541
6544
6528
6542
6545
6565
6541
6555
6547
6554
6554
6524
6528
6543
6555
6542
6542
6573
6538
6537
6547
6549
6543
6535
6546
6556
6552
6568
6550
6559
6546
6542
6539
6551
6540
6546
6542
6553
6552
6545
6515
6545
6539
6542
6545
6541
6558
6571
6561
6547
6527
6527
6537
6531
6551
6562
6561
6545
6555
6536
6573
6524
6470
6227
6231
6184
6229
5597
5330
5391
5390
5253
5156
5127
5161
5110
4699
4589
4641
4676
4385
3797
3713
3807
3785
3928
4005
3987
3989
3660
3124
3062
3085
3209
3247
3255
3251
3258
3058
2522
2481
2558
2487
2570
2491
2502
2468
2487
2315
2342
2294
2255
2044
1981
1985
1998
2042
1923
1874
1940
1958
1750
1664
1716
1723
1610
1634
1589
1601
1617
1241
1125
1095
1188
1198
1438
1445
1376
1450
1074
1066
1025
1053
1086
1199
1136
1160
1143
937
845
871
831
898
943
924
930
962
737
684
684
704
683
690
687
734
665
752
838
882
872
842
737
737
710
765
860
902
869
822
831
590
606
597
659
820
910
955
988
899
578
597
649
583
766
873
850
843
842
724
744
747
754
782
816
858
827
771
748
738
686
701
677
705
675
700
767
944
936
939
900
854
849
867
886
959
1181
1098
1145
1144
1095
1054
1038
1037
1161
1425
1422
1369
1428
1234
1150
1170
1204
1261
1546
1591
1709
1676
1703
1701
1695
1772
1747
1839
1798
1879
1923
1971
1980
1975
2009
2104
2283
2213
2226
2318
2463
2560
2529
2479
2543
2549
2509
2554
2547
3107
3260
3270
3260
3196
3144
3089
3017
3136
3679
3946
4000
3926
3905
3791
3729
3775
3780
4421
4604
4623
4599
4723
5057
5107
5147
5182
5275
5416
5343
5360
5537
6217
6173
6230
6253
6481
6552
6535
6535
6537
6549
6551
6560
6551
6538
6536
6530
6544
6534
6544
6561
6555
6581
6546
6527
6540
6532
6545
6561
6566
6551
6567
6534
6533
6535
6548
6524
6531
6542
6567
6537
6537
6559
6533
6550
6543
6548
6552
6538
6561
6553
6545
6532
6555
6542
6559
6535
6545
6551
6542
6551
6576
6552
6551
6549
6523
6539
6536
6540
6565
6572
6532
6544
6537
6546
6539
6541
6533
6553
6563
6544
6534
6548
6546
6530
6531
6560
6558
6538
6564
6548
6556
6549
6556
6544
6560
6524
6554
6545
6537
6543
6553
6547
6545
6545
6532
