3264
6551
6563
6534
6534
6542
6545
6549
6535
6544
6553
6521
6537
6548
6548
6543
6572
6534
6541
6561
6548
6557
6550
6537
6542
6548
6553
6550
6543
6532
6554
6538
6544
6552
6539
6523
6548
6546
6535
6534
6539
6548
6545
6542
6551
6561
6541
6548
6556
6547
6533
6534
6541
6544
6542
6543
6568
6534
6527
6559
6536
6550
6548
6566
6544
6572
6539
6554
6546
6552
6552
6554
6549
6544
6524
6546
6548
6545
6543
6542
6543
6532
6549
6558
6555
6558
6574
6549
6544
6545
6556
6566
6553
6541
6533
6547
6552
6550
6548
6519
6544
6407
5906
5912
5894
5894
5727
5620
5655
5619
5451
5146
5118
5048
5101
4548
4461
4386
4396
4332
4136
4146
4199
4176
3869
3784
3805
3703
3665
3217
3189
3227
3260
3118
3088
3074
3090
3062
2844
2795
2843
2787
2473
2376
2465
2467
2476
2545
2575
2480
2596
2114
2002
2009
1932
1896
1970
1956
2006
2020
1835
1780
1824
1711
1700
1534
1586
1498
1549
1566
1556
1501
1574
1511
1485
1417
1446
1507
1260
1225
1206
1169
1153
1085
1134
1096
1056
1061
1024
1083
1049
980
871
849
848
849
899
963
982
925
903
761
774
736
793
675
650
660
672
664
714
719
744
755
689
619
621
628
642
559
541
572
509
639
683
686
660
645
553
535
544
554
590
595
678
618
676
702
748
703
714
647
667
662
632
695
745
743
732
774
905
935
946
960
872
843
870
879
862
996
1050
1040
1060
1032
1082
1078
1082
1074
1200
1166
1116
1205
1261
1497
1463
1442
1438
1530
1607
1507
1552
1587
1571
1448
1533
1517
1717
1815
1814
1795
1821
1997
2016
1921
2031
1978
1961
2002
1941
2122
2558
2550
2553
2565
2448
2425
2459
2415
2518
2852
2849
2763
2822
3039
3053
3126
3116
3135
3265
3192
3227
3319
3617
3783
3767
3815
3896
4175
4217
4205
4160
4265
4360
4418
4431
4553
5071
5123
5137
5048
5480
5649
5622
5653
5735
5946
5942
5964
5916
6405
6555
6554
6562
6543
6560
6530
6551
6555
6535
6544
6545
6538
6562
6540
6555
6526
6553
6527
6540
6532
6547
6551
6540
6564
6544
6554
6549
6537
6538
6569
6541
6559
6543
6558
6565
6543
6550
6568
6562
6553
6547
6564
6557
6554
6536
6547
6562
6549
6557
6541
6548
6554
6553
6561
6555
6532
6536
6540
6548
6516
6556
6532
6542
6544
6568
6542
6542
6559
6534
6543
6531
6552
6533
6542
6521
6543
6539
6553
6543
6529
6532
6530
6522
6561
6549
6554
6530
6553
6560
6539
6551
6551
6553
6530
6532
6534
6532
6551
6548
6530
