304
682
623
676
673
645
683
640
679
684
721
695
667
654
659
689
670
693
659
654
665
685
660
673
657
687
661
629
674
665
712
647
601
647
656
641
700
657
689
630
654
687
666
638
638
668
652
677
626
728
669
659
661
655
677
653
677
664
732
705
675
684
624
701
687
709
670
683
644
679
704
671
698
675
682
669
667
666
672
640
634
646
687
532
427
331
175
99
47
36
15
10
12
6
7
3
2
1
2
0
0
0
1
0
1
0
0
0
1
0
1
0
0
0
0
0
0
0
0
0
0
0
1
0
0
0
0
0
0
0
0
1
0
0
0
0
0
0
0
0
0
0
0
0
0
0
0
0
0
0
0
0
0
0
0
0
0
0
0
0
0
0
0
0
0
0
0
0
0
1
0
0
0
0
0
0
0
0
0
0
0
0
0
0
1
0
0
0
1
0
0
0
1
1
2
0
2
1
1
3
1
0
2
3
6
4
2
4
2
5
5
9
9
20
53
136
171
290
607
667
647
622
708
657
721
627
630
666
732
671
672
683
682
649
688
678
637
690
693
702
654
654
666
654
708
645
647
664
677
681
666
647
652
616
664
664
702
718
692
672
689
669
674
686
615
663
686
642
670
654
621
641
661
693
673
690
668
684
663
696
693
659
642
683
617
657
646
655
656
650
687
653
665
682
646
677
658
658
639
660
