3261
6537
6540
6562
6533
6547
6538
6545
6542
6515
6516
6547
6543
6529
6560
6533
6524
6526
6533
6543
6539
6548
6548
6540
6534
6510
6526
6539
6533
6531
6535
6545
6543
6527
6525
6499
6528
6544
6529
6542
6525
6527
6561
6553
6524
6516
6555
6551
6544
6509
6540
6534
6545
6551
6545
6542
6531
6544
6535
6551
6525
6535
6547
6545
6520
6525
6541
6532
6555
6525
6541
6542
6549
6526
6539
6532
6523
6546
6507
6529
6539
6534
6527
6547
6529
6541
6541
6548
6522
6541
6537
6527
6543
6543
6527
6526
6546
6555
6526
6532
6520
6533
6551
6552
6526
6528
6545
6539
6548
6551
6536
6542
6519
6544
6550
6546
6522
6544
6539
6533
6530
6528
6520
6525
6546
6542
6550
6539
6301
5652
5621
5633
5613
3369
2499
2575
2492
2241
1171
1218
1197
1172
1012
903
915
936
939
946
1007
946
898
912
918
921
917
897
893
884
934
953
876
888
909
885
886
901
883
860
861
929
840
853
965
855
927
916
912
898
864
899
868
923
865
895
893
848
896
875
846
875
868
880
907
923
890
932
862
849
863
896
906
902
873
899
900
913
862
919
875
890
943
885
899
907
938
871
919
886
879
867
873
932
949
933
910
932
902
932
909
863
856
856
886
905
955
898
886
840
879
890
902
847
913
891
900
897
895
918
950
909
894
909
876
892
907
881
903
977
921
881
857
895
922
952
926
879
906
867
902
881
885
911
884
940
874
944
847
875
863
893
871
895
915
895
910
899
879
906
881
883
862
936
905
861
852
922
905
919
925
919
960
925
958
923
947
932
906
933
964
1198
1229
1200
1167
2187
2483
2548
2556
3313
5620
5660
5672
5616
6327
6534
6529
6546
6529
6542
6526
6526
6546
6522
6522
6549
6543
6538
6524
6546
6523
6537
6535
6527
6539
6538
6535
6534
6518
6533
6537
6536
6554
6533
6557
6527
6524
6529
6515
6532
6526
6517
6527
6528
6532
6526
6542
6514
6542
6525
6536
6526
6548
6540
6542
6564
6523
6537
6540
6542
6539
6547
6527
6539
6545
6547
6537
6544
6526
6515
6536
6542
6525
6537
6529
6540
6552
6549
6542
6550
6546
6537
6526
6524
6549
6539
6532
6544
6530
6536
6542
6520
6547
6529
6521
6547
6530
6537
6525
6549
6528
6544
6561
6532
6527
6550
6538
6535
6528
6553
6545
6525
6540
6536
6550
6547
6545
6531
6555
6541
6553
6510
6550
6543
6543
6564
6538
6527
6540
6548
6546
6529
