3271
6523
6527
6539
6533
6504
6546
6539
6520
6519
6546
6547
6524
6532
6549
6549
6534
6549
6534
6551
6532
6556
6543
6536
6550
6539
6538
6528
6514
6548
6532
6557
6539
6525
6534
6543
6533
6536
6531
6545
6553
6544
6537
6544
6537
6525
6547
6535
6529
6535
6558
6548
6522
6541
6539
6549
6535
6561
6539
6547
6535
6542
6545
6556
6522
6538
6544
6560
6541
6540
6537
6551
6520
6518
6535
6534
6533
6550
6551
6545
6536
6548
6554
6542
6538
6543
6558
6531
6541
6529
6544
6534
6532
6571
6539
6530
6551
6542
6532
6549
6542
6533
6547
6530
6570
6541
6532
6535
6533
6524
6550
6530
6551
6562
6536
6271
6184
6233
6211
5928
5119
5176
5074
5115
4361
4158
4212
4148
3979
3433
3424
3415
3501
2996
2772
2777
2730
2735
2309
2273
2303
2256
2019
1847
1834
1904
1818
1616
1504
1525
1525
1323
1267
1233
1285
1173
995
1016
996
1029
949
946
963
916
916
978
889
908
921
850
910
922
925
960
944
908
911
972
929
939
942
961
905
973
1011
904
906
957
925
947
953
892
865
891
909
883
844
847
874
833
863
900
902
911
925
868
873
872
894
932
844
850
831
862
878
815
871
796
859
825
882
867
861
910
964
983
937
904
831
879
850
880
819
856
848
838
844
864
854
833
861
868
826
864
885
901
874
908
937
879
831
863
881
877
845
844
926
901
924
961
946
942
934
892
972
955
975
1001
920
941
951
931
958
952
946
915
906
880
964
911
932
998
948
996
952
943
939
921
883
952
987
1053
1066
1043
1010
1155
1282
1253
1224
1331
1536
1612
1535
1575
1791
1906
1900
1915
1945
2289
2307
2315
2287
2645
2850
2832
2801
2974
3326
3396
3459
3493
4048
4228
4158
4166
4451
5094
5110
5144
5097
5922
6252
6266
6190
6312
6534
6537
6529
6546
6526
6543
6545
6546
6543
6541
6543
6532
6531
6546
6562
6546
6545
6537
6541
6521
6536
6538
6530
6556
6533
6534
6544
6543
6542
6519
6537
6541
6553
6543
6552
6531
6543
6552
6540
6530
6540
6525
6552
6537
6536
6543
6516
6521
6546
6540
6548
6544
6547
6555
6560
6543
6527
6526
6549
6537
6527
6533
6542
6546
6534
6539
6569
6545
6540
6528
6532
6530
6525
6533
6529
6505
6525
6540
6528
6535
6546
6545
6531
6539
6549
6508
6535
6551
6538
6530
6529
6531
6549
6530
6549
6548
6534
6525
6545
6556
6536
6538
6509
6527
6553
6552
6547
6544
6523
6535
6548
6529
6540
6548
