254
552
693
1125
1081
854
714
724
814
798
791
635
664
646
683
636
528
581
540
516
454
484
486
526
552
503
434
450
454
465
408
397
380
397
369
348
352
332
316
379
353
370
345
300
296
324
314
280
322
266
290
305
260
291
281
239
273
245
254
263
257
251
255
221
227
241
237
189
237
251
209
227
255
220
235
264
183
230
197
206
235
212
204
173
167
171
186
173
173
147
150
132
107
160
141
152
148
169
155
151
166
152
178
167
176
142
159
133
158
136
132
158
147
172
159
157
173
174
170
171
205
175
159
176
173
177
186
181
173
186
170
209
261
222
270
274
259
276
303
288
298
258
305
252
281
304
346
328
278
357
309
278
398
338
358
361
359
380
397
412
368
402
429
368
410
461
464
413
438
453
479
474
512
475
547
614
629
606
666
606
564
692
662
668
705
649
712
624
722
790
830
860
771
820
751
855
1034
1060
679
622
