311
695
691
661
651
695
669
684
664
697
664
700
652
645
698
642
663
615
608
703
711
719
650
710
682
660
696
644
692
611
667
671
664
649
721
666
681
681
677
658
700
624
703
658
653
707
679
643
646
717
594
689
699
637
666
649
659
655
661
671
641
632
654
634
677
670
666
695
683
658
694
677
651
654
682
692
699
671
715
647
652
683
695
645
615
507
219
88
48
25
18
8
4
6
1
2
2
2
0
0
0
2
1
0
0
1
1
0
0
0
1
0
0
0
0
0
0
0
0
0
0
0
0
0
0
0
0
1
0
0
0
0
0
0
0
0
0
0
0
0
0
0
0
0
0
0
0
0
0
0
0
0
0
0
0
0
0
0
0
0
0
0
0
0
0
0
0
0
0
0
0
0
0
0
0
0
1
0
0
0
0
0
0
0
1
0
0
0
0
0
0
0
0
0
0
0
1
0
2
0
1
2
1
1
4
3
7
6
5
7
8
15
26
42
87
197
250
306
604
761
646
664
697
676
659
640
633
667
673
647
687
655
631
663
676
633
697
662
692
638
710
687
695
643
651
664
641
707
649
636
678
680
667
690
692
648
661
658
694
607
663
678
630
710
693
647
694
661
666
647
655
672
654
706
630
664
679
617
656
661
680
670
620
659
637
652
653
689
634
648
631
660
669
693
633
705
643
664
626
638
