316
707
700
718
652
662
709
676
667
686
732
647
645
636
649
678
613
653
698
686
703
716
649
706
723
631
647
682
660
702
685
663
631
674
670
658
650
683
663
699
628
668
690
687
692
659
640
730
628
698
668
655
644
634
659
706
685
625
694
674
666
663
710
651
633
667
679
660
654
675
642
683
675
680
690
696
659
676
659
669
650
651
699
629
688
675
349
164
109
28
19
6
1
5
1
2
2
2
0
1
1
1
1
0
1
1
0
0
0
0
0
0
0
0
0
0
0
0
0
0
0
0
0
0
0
0
0
0
0
0
0
0
0
0
0
0
0
0
0
0
0
0
0
0
0
0
0
0
0
0
0
0
0
0
0
0
0
0
0
0
1
0
0
0
0
0
0
0
0
0
0
0
0
0
0
0
0
0
0
0
0
0
0
0
0
0
0
0
0
0
0
0
0
0
0
0
0
1
0
4
0
1
0
4
1
2
5
11
8
13
21
25
24
17
56
121
154
191
382
387
542
678
668
648
645
669
665
646
674
687
643
664
633
673
660
674
689
641
666
654
703
664
694
677
681
678
692
633
667
681
654
638
660
627
635
653
662
700
706
658
639
682
678
665
656
669
628
677
699
713
650
674
654
664
709
649
692
727
668
645
635
690
684
673
679
628
657
663
697
634
650
630
669
699
643
678
714
668
676
626
