331
636
672
664
697
658
647
662
693
663
672
688
625
695
687
663
714
669
627
626
678
653
664
685
677
684
653
698
699
668
666
658
601
637
616
667
695
666
642
618
693
618
661
671
636
639
637
662
661
646
659
638
661
694
707
626
659
679
658
677
689
674
650
744
693
636
684
695
689
644
702
661
686
691
665
649
674
688
701
689
684
638
684
674
690
525
302
148
101
44
18
7
7
4
1
1
3
1
3
1
1
1
0
1
0
0
1
0
2
1
0
0
0
0
0
0
0
0
0
0
1
0
0
0
0
0
0
0
0
0
0
0
0
0
1
0
0
0
0
1
0
0
0
0
0
0
0
0
0
0
0
0
1
0
0
0
0
0
0
0
0
0
0
0
0
0
0
0
0
0
0
0
0
0
0
0
0
0
0
0
0
0
0
1
0
0
1
0
0
1
1
1
0
0
0
0
1
2
1
0
2
0
0
2
1
6
5
18
12
10
15
13
19
29
59
121
150
188
386
413
421
562
685
683
641
646
654
703
715
700
736
655
630
714
685
677
651
723
670
669
693
678
668
615
671
638
643
650
626
691
635
685
571
649
678
660
666
641
636
620
659
697
673
654
678
680
703
639
667
674
695
667
710
634
690
695
709
650
671
670
734
702
661
685
702
676
650
671
707
656
671
680
719
713
683
671
647
654
640
702
