3263
6528
6542
6535
6536
6546
6518
6520
6548
6530
6539
6532
6528
6548
6540
6545
6554
6546
6516
6560
6546
6515
6541
6545
6537
6521
6530
6544
6541
6519
6530
6554
6539
6541
6535
6531
6523
6549
6530
6542
6533
6537
6549
6516
6530
6533
6550
6519
6533
6543
6531
6542
6537
6543
6563
6533
6547
6538
6540
6537
6533
6533
6539
6542
6536
6526
6529
6547
6536
6551
6547
6552
6550
6537
6543
6532
6532
6550
6507
6540
6543
6549
6546
6544
6547
6530
6527
6547
6555
6546
6531
6553
6522
6542
6553
6524
6553
6527
6550
6543
6535
6557
6552
6561
6558
6557
6548
6547
6551
6537
6549
6525
6532
6530
6523
6309
6247
6228
6233
5914
5081
5087
5139
5046
4312
4165
4169
4154
4004
3391
3420
3447
3446
2965
2858
2847
2796
2638
2373
2286
2251
2255
2013
1883
1877
1930
1798
1544
1569
1544
1558
1356
1256
1229
1280
1208
1018
1061
992
1051
988
921
1015
948
963
949
934
883
949
950
920
935
906
967
997
966
972
952
978
935
859
909
981
969
884
956
969
962
950
941
940
931
928
880
907
937
904
873
857
881
945
882
886
866
892
898
822
879
841
854
850
870
843
867
859
867
860
835
810
836
827
832
836
925
934
947
949
904
822
848
859
835
848
832
865
834
919
829
861
871
871
872
889
856
908
875
891
899
891
900
832
884
825
867
841
959
837
870
900
900
880
913
907
972
938
943
899
941
971
914
943
936
954
942
864
964
946
959
922
882
988
931
902
952
954
970
903
915
957
911
923
1013
1036
1025
1013
1201
1260
1293
1294
1300
1555
1574
1584
1577
1797
1879
1871
1856
2056
2255
2329
2320
2296
2648
2826
2830
2790
3044
3441
3437
3371
3464
3992
4219
4123
4189
4405
5130
5109
5116
5075
5964
6232
6184
6201
6307
6533
6527
6535
6525
6532
6548
6535
6539
6540
6527
6539
6530
6540
6522
6547
6545
6541
6548
6542
6547
6533
6556
6517
6531
6540
6533
6534
6534
6543
6554
6528
6541
6541
6510
6539
6557
6559
6534
6530
6527
6514
6539
6545
6557
6520
6506
6530
6530
6541
6534
6522
6544
6535
6558
6540
6547
6535
6549
6552
6564
6534
6536
6555
6545
6547
6553
6530
6526
6529
6531
6544
6536
6532
6548
6523
6533
6515
6539
6535
6528
6534
6527
6548
6543
6541
6525
6533
6539
6536
6533
6533
6545
6550
6516
6546
6543
6521
6531
6543
6537
6528
6561
6515
6549
6534
6547
6552
6533
6524
6556
6553
6523
6534
6523
