341
605
695
669
670
609
688
662
682
650
661
689
630
631
665
689
651
608
712
657
692
674
641
654
645
674
686
671
650
638
616
633
661
666
640
709
663
644
677
698
662
618
624
635
647
700
691
683
656
670
654
693
663
657
636
641
633
649
692
673
693
638
660
651
654
646
684
668
686
662
684
671
653
671
652
625
717
662
663
645
715
666
628
353
221
260
181
100
66
50
27
6
2
4
4
5
4
4
3
2
1
4
2
1
0
1
0
0
0
1
0
0
0
0
0
0
0
0
0
0
1
0
0
1
0
1
0
0
0
0
0
1
1
0
0
1
0
0
0
0
1
0
0
0
0
0
0
0
0
0
0
1
0
0
0
0
0
1
0
0
0
0
0
1
0
0
0
0
0
0
0
0
0
0
0
0
0
0
0
0
0
0
0
0
0
0
1
0
0
1
0
2
0
1
0
0
1
0
2
2
1
0
4
6
4
7
7
14
13
13
17
49
24
40
74
197
255
234
353
392
522
655
716
684
657
670
675
628
672
692
647
658
643
635
645
644
649
678
640
650
664
613
681
683
670
626
665
715
695
666
670
667
704
670
668
672
687
641
685
694
675
667
665
659
687
685
628
687
661
666
657
650
677
637
655
671
676
699
649
647
678
721
635
664
649
672
660
720
672
653
634
666
655
669
697
679
655
706
646
645
