236
455
577
871
970
718
599
658
670
677
663
620
565
534
609
546
514
450
482
453
471
442
384
374
468
423
405
362
384
369
343
356
371
313
336
304
370
317
316
283
304
301
245
282
309
312
263
239
273
221
276
278
227
262
237
235
216
229
252
219
222
246
215
211
214
209
238
177
202
192
195
199
183
220
200
183
184
208
177
163
162
158
146
124
147
146
156
151
160
141
126
122
136
129
130
123
152
140
171
181
167
171
151
142
142
161
129
132
159
133
139
133
143
144
122
127
142
122
152
173
145
152
165
145
158
171
185
184
160
157
170
205
213
181
250
218
216
213
251
230
245
265
269
257
276
274
284
358
285
337
317
291
351
300
301
365
365
347
364
387
396
366
388
392
406
418
434
411
438
470
413
484
469
486
494
492
524
578
559
541
543
596
565
664
580
639
623
593
684
731
805
706
746
682
638
773
923
938
586
516
