3272
6538
6551
6546
6541
6540
6557
6538
6548
6533
6550
6544
6549
6538
6540
6550
6537
6542
6556
6523
6531
6546
6539
6543
6560
6539
6549
6552
6540
6536
6540
6560
6538
6542
6542
6544
6530
6529
6541
6545
6553
6564
6545
6542
6540
6556
6534
6561
6529
6545
6531
6544
6523
6534
6545
6545
6539
6544
6557
6557
6546
6544
6542
6537
6528
6540
6540
6543
6533
6538
6559
6556
6551
6542
6539
6532
6544
6559
6538
6529
6533
6547
6532
6546
6525
6503
6561
6546
6530
6531
6538
6552
6549
6542
6554
6559
6547
6536
6546
6521
6531
6541
6528
6532
6542
6546
6521
6517
6540
6533
6309
5658
5642
5679
5602
4997
4889
4871
4843
4688
4130
4175
4161
4094
3859
3772
3757
3800
3623
3328
3194
3292
3250
3062
3010
2912
2921
2821
2409
2400
2365
2477
2425
2460
2377
2433
2349
2135
2066
2080
2109
1861
1773
1752
1823
1741
1480
1478
1481
1522
1303
1255
1275
1204
1171
1109
1073
1121
1069
1038
979
956
1000
968
750
795
859
797
862
834
858
860
887
889
873
915
922
959
920
930
916
881
789
846
827
812
872
859
868
932
910
976
926
882
935
924
954
947
925
905
927
916
880
882
849
792
856
775
815
821
764
812
797
895
930
960
927
894
833
809
809
816
781
784
792
810
810
871
920
888
928
938
976
936
953
939
910
923
945
938
885
907
860
916
890
851
836
853
894
878
914
897
873
844
932
922
907
887
824
873
888
831
813
791
780
832
764
924
968
1050
978
1068
1094
1112
1085
1117
1159
1290
1252
1286
1361
1454
1439
1455
1467
1714
1785
1737
1807
1791
1997
2082
2081
2075
2269
2422
2448
2419
2467
2438
2445
2515
2369
2778
2946
2972
2943
3041
3251
3336
3294
3213
3717
3831
3816
3785
3935
4204
4175
4250
4177
4622
4875
4825
4897
5027
5635
5622
5627
5696
6303
6558
6519
6530
6551
6535
6532
6535
6529
6544
6544
6534
6541
6546
6551
6531
6539
6526
6549
6540
6553
6548
6543
6545
6558
6535
6539
6550
6534
6564
6531
6544
6562
6526
6545
6547
6548
6547
6540
6527
6520
6539
6547
6540
6544
6544
6528
6545
6547
6534
6532
6543
6548
6535
6541
6530
6537
6541
6546
6541
6553
6517
6542
6541
6540
6544
6540
6547
6548
6560
6545
6536
6531
6527
6537
6542
6521
6547
6535
6555
6550
6524
6545
6544
6531
6519
6535
6533
6552
6552
6519
6552
6563
6535
6542
6547
6544
6547
6525
6531
6541
6551
6540
6542
6541
6556
6534
6529
6533
6535
