340
650
696
678
638
690
640
717
654
683
667
649
665
654
676
695
652
638
660
680
688
657
680
681
676
641
700
671
700
711
688
660
665
714
665
756
685
645
656
692
674
652
625
659
718
641
656
676
729
642
713
635
646
676
711
642
652
735
649
648
717
652
693
706
634
666
644
674
610
654
708
627
671
709
708
706
672
655
636
645
619
634
605
352
175
125
60
28
12
19
7
8
3
3
2
4
3
2
1
1
0
3
0
0
0
0
2
1
2
1
0
0
0
1
1
0
1
0
0
0
0
1
0
0
0
0
0
0
1
1
0
0
0
0
0
0
0
0
0
0
0
0
0
0
0
0
0
0
1
0
0
0
0
1
0
0
0
0
0
0
0
0
0
0
0
0
0
0
0
1
1
0
0
0
0
0
0
0
1
0
0
0
0
0
0
2
0
0
0
0
1
0
0
0
1
0
0
0
2
2
2
2
2
4
7
6
4
2
1
13
5
20
54
99
192
370
405
539
692
723
658
710
689
653
691
658
662
685
642
688
690
672
668
661
666
668
654
633
645
612
665
648
675
699
658
663
679
649
665
659
678
634
659
665
690
660
642
619
721
682
712
701
665
656
661
691
704
674
686
694
679
660
653
687
698
640
694
652
662
675
656
639
636
685
673
668
671
651
664
667
651
649
604
591
641
662
609
642
693
702
