307
557
655
1109
1168
876
732
742
841
795
789
717
647
648
682
648
566
592
565
524
475
488
490
507
515
473
475
453
422
473
457
373
450
403
385
364
356
367
363
352
358
373
328
317
284
297
328
304
327
236
297
278
286
286
247
248
242
257
260
252
258
266
225
218
217
225
271
224
233
226
240
216
229
232
217
222
214
216
216
227
214
208
182
171
179
170
169
147
158
161
154
151
156
160
138
143
148
146
166
162
175
166
143
148
167
160
186
162
142
139
125
171
155
163
167
180
177
161
172
184
185
169
164
180
182
152
174
190
171
183
186
197
254
224
265
226
290
277
286
301
330
291
321
301
290
303
330
310
296
348
357
325
363
340
400
351
372
358
369
422
371
431
442
396
441
422
437
459
499
429
449
502
500
500
503
577
590
631
641
631
600
624
642
700
648
687
678
651
713
753
889
836
854
797
763
892
1101
1110
724
593
