3272
6537
6530
6554
6534
6548
6554
6533
6529
6551
6527
6527
6534
6535
6537
6531
6548
6546
6522
6552
6523
6549
6523
6531
6537
6526
6532
6521
6539
6537
6547
6542
6568
6544
6556
6535
6544
6536
6538
6530
6544
6545
6503
6547
6541
6554
6530
6549
6539
6539
6517
6551
6539
6537
6530
6539
6529
6545
6544
6547
6519
6566
6526
6541
6520
6540
6548
6552
6530
6540
6525
6531
6538
6554
6561
6544
6529
6544
6543
6526
6515
6541
6525
6545
6532
6523
6547
6534
6535
6547
6545
6513
6550
6524
6528
6548
6549
6524
6542
6509
6523
6525
6554
6555
6535
6551
6516
6537
6556
6554
6554
6554
6531
6552
6530
6536
6529
6542
6539
6414
5943
5955
5917
5884
4742
4403
4434
4393
4168
3444
3457
3438
3423
2846
2650
2655
2660
2458
2111
2106
2132
2071
1678
1668
1686
1660
1534
1236
1248
1228
1250
1052
992
968
966
980
870
924
981
971
919
963
912
909
944
952
958
894
904
887
903
933
912
917
942
991
938
935
972
947
986
956
908
956
939
983
952
960
953
920
958
970
977
980
926
982
972
912
929
939
976
909
881
860
918
871
904
838
906
915
920
867
959
923
902
875
869
918
897
837
861
854
916
896
987
903
918
908
847
851
876
847
886
817
914
918
911
911
906
848
882
893
860
927
929
922
917
943
864
916
941
921
983
905
931
940
966
901
904
922
973
928
920
894
958
925
914
945
954
975
925
941
961
942
954
951
972
901
866
944
878
894
950
924
912
938
924
917
909
933
931
947
892
926
934
958
979
1006
988
1041
1296
1226
1237
1289
1520
1643
1631
1583
1752
2065
2170
2052
2152
2536
2672
2661
2740
2874
3428
3403
3376
3437
4074
4419
4437
4394
4818
5945
5956
5902
5937
6362
6540
6540
6539
6546
6548
6538
6520
6534
6546
6521
6538
6539
6549
6530
6528
6533
6552
6527
6551
6541
6557
6542
6546
6522
6544
6535
6564
6537
6557
6551
6521
6548
6523
6536
6517
6523
6548
6527
6534
6559
6548
6535
6529
6521
6538
6529
6536
6547
6534
6537
6545
6549
6540
6513
6522
6541
6538
6543
6539
6537
6546
6553
6538
6542
6520
6553
6545
6529
6536
6552
6537
6547
6527
6536
6554
6532
6523
6538
6531
6550
6534
6549
6541
6541
6539
6551
6529
6549
6523
6529
6541
6540
6543
6531
6530
6536
6551
6528
6534
6552
6531
6533
6519
6534
6539
6528
6558
6544
6534
6522
6522
6531
6543
6551
6535
6545
6536
6523
