323
652
648
637
662
702
676
677
717
693
672
653
665
669
671
665
664
663
603
681
655
649
712
590
669
638
698
691
653
661
662
641
669
646
703
668
674
667
656
645
666
715
695
717
656
712
667
689
647
635
608
622
677
676
650
688
664
685
668
658
615
660
647
645
634
695
656
638
687
660
686
675
698
604
658
668
612
669
686
624
688
630
664
645
654
727
357
177
85
32
11
3
3
5
5
1
1
1
0
0
0
1
0
0
0
0
0
1
0
0
0
0
1
0
0
0
0
1
0
0
0
0
1
0
0
0
0
0
0
0
0
0
0
0
0
0
0
0
1
0
0
0
0
0
0
0
0
0
0
0
0
0
0
0
0
0
0
0
0
0
0
0
0
0
0
0
0
0
0
0
0
0
0
0
0
0
0
0
0
0
0
0
0
0
1
0
0
0
0
0
0
0
0
0
0
0
1
1
1
3
1
0
1
0
2
6
3
4
8
15
13
35
37
33
105
205
236
344
605
703
636
671
642
647
682
699
693
687
646
639
688
694
661
696
724
653
639
707
629
695
666
635
685
642
677
654
681
642
604
664
707
648
681
664
686
688
668
684
704
688
696
685
630
616
671
678
678
673
703
660
650
659
650
679
708
637
697
671
640
626
655
682
645
682
647
689
684
680
680
690
685
657
686
668
689
692
666
666
736
612
