392
816
926
1213
1342
1226
1078
1030
1033
1010
889
836
870
920
956
945
1024
935
820
837
822
832
740
643
552
541
566
535
628
696
764
739
603
545
518
471
553
595
681
653
643
609
591
576
589
576
556
505
604
463
558
538
490
440
486
486
441
410
490
444
397
482
432
398
350
307
346
289
302
287
255
259
297
261
281
274
237
232
204
203
198
184
186
208
214
195
245
222
185
231
208
216
230
255
236
210
180
172
156
196
200
187
178
144
162
159
162
206
212
225
215
208
178
157
134
158
202
189
115
135
122
138
160
139
144
154
158
143
155
179
176
174
212
155
191
231
195
237
205
226
239
270
286
263
267
262
260
315
297
364
329
302
377
360
367
324
310
342
312
441
455
467
405
420
442
425
476
528
551
527
482
565
605
544
455
535
617
666
817
834
684
782
804
857
907
1091
1113
1084
1112
1123
1473
1534
1939
2057
1892
2185
3196
3977
3754
3651
