396
748
961
1225
1364
1190
1058
1042
1104
887
861
873
900
929
916
974
1019
881
783
764
825
822
722
617
611
526
581
550
653
744
753
666
562
553
493
512
536
608
651
664
620
648
601
572
591
576
561
532
620
495
559
538
486
461
432
536
435
482
459
469
442
452
433
371
331
278
310
288
334
330
297
241
257
268
309
250
218
214
210
230
197
198
181
201
183
213
217
211
205
217
221
221
227
245
231
193
186
172
168
212
229
216
162
145
152
159
181
213
194
207
224
230
182
189
167
178
178
161
135
163
129
133
151
175
159
139
177
152
150
180
200
160
193
156
212
183
190
242
219
211
262
256
297
297
273
280
273
331
276
379
336
324
362
360
383
326
360
304
344
428
401
471
387
407
392
438
537
502
581
535
491
508
678
526
472
535
646
668
802
838
714
777
868
857
936
1120
1097
1062
1110
1214
1393
1548
1795
2178
2009
2101
3139
4069
3817
3624
