334
665
612
713
647
680
653
680
675
660
676
718
673
691
651
620
652
678
665
693
686
638
671
666
707
698
670
647
687
639
695
647
686
674
635
677
675
688
673
685
715
628
665
666
654
668
672
628
667
639
635
681
694
618
694
642
691
627
656
688
679
684
653
644
682
653
652
696
714
667
673
671
675
662
676
642
698
636
670
679
640
663
604
500
415
320
139
70
43
31
10
9
12
7
3
9
9
9
3
3
8
6
0
5
4
2
3
1
3
0
1
0
1
0
0
0
4
1
0
0
0
0
0
0
0
0
0
0
0
0
0
0
0
0
0
0
0
0
0
0
0
0
0
0
0
0
0
0
0
0
0
0
0
0
0
0
0
0
0
0
0
0
0
0
0
0
0
0
0
0
0
0
0
0
0
0
0
0
0
0
0
0
0
1
0
0
0
0
0
0
1
1
1
0
1
0
1
1
0
1
0
6
4
4
11
13
11
20
13
31
37
44
58
82
162
167
232
313
607
673
661
736
628
663
646
646
660
681
651
675
641
692
721
620
689
659
678
636
703
671
689
657
676
669
693
679
682
681
632
661
659
677
666
644
664
697
674
676
680
698
688
645
655
647
663
685
657
624
642
659
627
701
639
678
684
663
674
624
702
676
678
678
613
697
650
678
704
687
629
649
696
711
611
693
655
653
667
645
641
660
