299
617
672
639
664
627
639
672
746
673
709
618
666
646
644
647
653
673
639
666
697
683
658
683
707
672
653
686
674
635
670
639
710
675
647
678
688
663
655
660
652
660
677
703
677
630
698
679
660
714
608
654
660
680
660
688
663
622
627
670
675
644
699
665
643
676
688
651
700
647
661
639
649
716
641
671
623
677
666
695
654
646
492
401
413
334
165
95
81
45
41
11
6
7
3
4
1
3
1
1
3
2
2
1
0
0
1
0
0
0
0
0
0
0
0
0
0
0
0
0
0
0
0
0
0
0
0
0
0
0
0
0
0
0
0
0
0
0
0
0
0
0
0
0
0
0
0
0
0
0
0
0
0
0
0
0
0
0
0
0
0
0
1
0
0
0
0
0
0
0
1
0
0
0
0
0
0
0
0
0
0
0
0
0
0
0
0
1
0
0
0
0
1
0
1
0
1
2
1
3
2
2
0
0
0
6
7
4
4
7
11
25
24
34
90
143
163
198
224
234
331
475
647
642
644
679
673
650
644
642
635
667
623
670
688
695
667
614
678
650
701
652
702
670
684
675
633
708
666
679
678
654
594
685
701
672
661
660
664
672
623
651
663
660
641
670
655
702
672
647
683
676
664
662
690
691
644
620
651
636
638
650
695
693
638
677
732
663
644
637
721
672
652
683
673
681
673
675
673
659
