3263
6542
6514
6543
6529
6521
6504
6536
6554
6520
6526
6534
6529
6527
6539
6554
6534
6531
6551
6557
6558
6531
6544
6541
6537
6518
6555
6526
6526
6530
6527
6558
6537
6531
6536
6533
6550
6537
6549
6527
6526
6538
6538
6519
6533
6544
6534
6514
6535
6530
6533
6541
6534
6535
6552
6543
6524
6524
6536
6529
6523
6531
6539
6519
6535
6534
6530
6552
6531
6539
6541
6540
6548
6513
6525
6539
6556
6534
6544
6549
6544
6536
6552
6571
6528
6542
6541
6564
6547
6558
6548
6539
6530
6542
6545
6524
6525
6536
6559
6537
6532
6517
6536
6558
6528
6537
6534
6532
6526
6527
6536
6552
6534
6542
6520
6546
6538
6543
6533
6537
6526
6530
6542
6536
5883
5635
5625
5586
5208
3767
3780
3785
3782
2861
2547
2557
2501
2321
1781
1852
1777
1686
1338
1172
1223
1214
1136
902
963
948
959
975
968
899
967
877
927
952
904
953
923
949
898
942
941
979
953
941
904
951
981
940
915
910
963
873
920
935
937
913
918
882
900
900
948
936
908
935
934
916
894
929
929
906
881
847
890
857
916
922
907
910
934
916
891
878
840
832
941
911
885
924
877
890
864
860
898
864
872
885
832
792
844
898
951
935
971
934
856
788
833
829
912
915
865
892
879
921
903
888
907
904
902
919
925
911
887
871
946
888
905
895
886
854
903
837
892
858
902
895
953
957
980
919
962
910
945
929
907
996
914
922
984
997
940
880
991
920
911
936
945
932
880
943
921
950
922
1005
929
938
924
942
913
934
953
923
933
940
955
896
877
974
913
916
1148
1178
1222
1169
1378
1758
1765
1763
1768
2380
2526
2564
2503
2800
3833
3821
3777
3766
5184
5636
5611
5605
5826
6544
6523
6519
6534
6538
6535
6539
6524
6527
6543
6535
6525
6540
6539
6545
6533
6535
6550
6525
6527
6546
6544
6555
6530
6528
6551
6535
6550
6551
6554
6538
6525
6537
6521
6537
6506
6550
6556
6533
6539
6531
6542
6513
6529
6546
6538
6538
6532
6540
6544
6534
6551
6558
6513
6524
6544
6552
6545
6533
6546
6565
6537
6557
6537
6540
6538
6538
6527
6525
6552
6535
6550
6524
6547
6536
6550
6539
6537
6550
6537
6534
6553
6526
6538
6553
6540
6544
6534
6530
6530
6528
6537
6543
6534
6529
6532
6563
6534
6532
6549
6529
6510
6539
6542
6532
6543
6540
6537
6519
6538
6515
6523
6536
6521
6538
6518
6522
6538
6530
6540
6534
6551
6534
