286
554
711
1150
1050
873
673
714
828
838
807
671
661
615
698
641
534
619
526
578
464
467
518
498
518
496
473
435
500
478
429
410
403
392
393
348
364
331
367
346
325
353
327
330
315
291
341
291
360
264
267
311
255
294
285
254
266
260
257
248
230
243
230
200
231
239
213
224
240
225
257
228
201
212
242
222
211
207
217
233
250
209
176
193
172
171
153
173
176
185
153
139
166
133
139
125
147
151
158
171
177
177
185
180
139
141
172
156
151
151
135
156
174
165
167
166
178
159
171
183
188
164
149
201
176
157
184
177
195
178
200
197
260
226
290
251
311
269
268
313
321
287
306
289
323
279
302
333
295
383
356
303
410
354
369
355
399
374
381
423
432
386
398
380
412
427
441
441
459
457
469
505
579
495
528
583
618
633
640
664
586
607
665
686
676
702
686
651
749
769
846
833
903
830
837
880
1032
1120
736
674
