316
646
666
701
670
663
644
707
688
638
663
626
659
692
679
659
666
641
682
652
688
649
655
695
691
672
689
705
664
685
647
682
663
668
663
678
687
676
632
684
684
652
675
672
671
702
685
611
659
721
690
656
655
651
692
705
691
624
669
645
679
656
664
675
669
591
647
643
642
643
712
674
633
689
683
645
658
705
680
624
695
728
690
516
437
321
174
100
45
37
15
10
3
4
6
2
2
0
2
0
1
2
2
1
0
1
1
0
0
1
1
0
0
0
0
2
0
0
0
0
1
0
0
0
0
0
0
0
0
0
0
0
0
0
0
1
0
0
0
0
0
0
0
0
0
0
1
0
0
0
0
0
0
0
0
0
0
0
0
0
0
0
0
0
0
0
0
0
0
0
0
0
0
0
0
0
0
0
0
1
0
0
0
0
0
0
0
0
0
0
0
1
2
0
1
0
1
3
3
3
1
4
4
3
2
3
4
4
8
6
10
27
21
35
78
126
153
189
354
396
520
676
648
673
667
662
686
613
637
690
663
662
647
640
668
664
657
685
690
650
697
654
677
660
672
681
729
660
688
684
670
627
666
675
640
657
664
697
670
649
659
715
673
663
657
595
628
723
665
619
676
684
638
640
632
656
598
688
630
675
637
709
649
665
684
655
644
603
662
691
697
696
701
614
672
706
643
686
696
658
