299
562
672
1146
1042
901
718
757
842
791
794
667
629
607
688
657
545
582
551
526
441
520
480
544
483
483
444
421
472
514
412
407
408
370
382
386
388
329
353
356
296
364
325
302
320
308
313
272
351
245
279
307
267
303
268
231
245
237
258
217
290
240
231
239
231
207
268
212
254
215
261
215
224
242
206
224
221
223
193
209
220
207
199
192
138
183
162
171
136
145
166
153
141
157
164
131
138
153
156
179
178
164
160
156
149
172
145
150
172
159
126
139
146
182
177
165
162
169
177
176
176
142
151
178
164
190
175
181
196
200
193
210
243
221
307
275
279
269
283
320
313
319
304
305
281
342
284
331
326
378
352
312
371
362
395
353
374
345
395
448
379
408
425
404
438
410
430
425
448
489
424
536
576
503
499
549
559
593
632
599
576
631
606
718
641
723
717
660
715
735
897
831
877
821
764
856
1085
1154
764
631
