3264
6546
6568
6565
6537
6526
6530
6535
6530
6538
6544
6542
6529
6543
6546
6542
6536
6543
6565
6539
6539
6527
6526
6527
6544
6549
6530
6543
6546
6554
6542
6527
6551
6544
6556
6531
6562
6539
6542
6535
6564
6548
6530
6548
6528
6540
6558
6545
6548
6540
6539
6555
6539
6554
6559
6544
6566
6545
6526
6540
6537
6539
6542
6567
6537
6554
6541
6554
6535
6541
6535
6543
6561
6531
6537
6530
6537
6548
6546
6543
6545
6535
6546
6541
6537
6551
6540
6553
6549
6549
6549
6540
6540
6542
6541
6546
6535
6526
6524
6545
6542
6540
6550
6566
6540
6531
5830
5689
5677
5631
5369
4802
4837
4872
4839
4712
4575
4653
4589
4470
3877
3989
4016
3990
3710
3642
3564
3603
3520
3046
3057
3081
3146
2928
2994
2899
2956
2864
2503
2517
2451
2547
2366
2246
2278
2279
2267
2187
2231
2171
2275
1971
1904
1862
1863
1882
1842
1858
1757
1825
1606
1516
1578
1523
1464
1364
1354
1455
1417
1332
1175
1257
1250
1156
1182
1110
1113
1133
1056
1039
1019
1046
1050
949
940
921
975
949
840
908
932
851
866
861
825
864
839
810
867
853
810
863
847
896
874
867
916
891
863
911
768
796
793
779
828
843
838
780
790
705
698
739
722
737
758
758
792
792
746
753
748
710
803
822
736
844
794
766
758
809
777
837
906
923
885
879
884
815
822
829
796
835
879
836
810
800
844
842
818
879
905
903
880
927
946
923
904
965
1014
1040
990
1032
1030
1182
1124
1153
1161
1250
1247
1270
1302
1220
1382
1401
1389
1450
1541
1531
1551
1541
1584
1740
1764
1783
1861
1870
1923
1857
1849
1926
2178
2220
2203
2195
2276
2314
2270
2269
2402
2555
2553
2558
2539
2749
2956
2946
2993
2967
3120
3074
3091
3085
3448
3586
3587
3598
3690
3954
4084
4003
4010
4489
4592
4542
4624
4724
4822
4873
4814
4870
5384
5634
5661
5647
5863
6562
6552
6533
6551
6539
6542
6557
6544
6523
6548
6528
6539
6548
6534
6506
6534
6540
6548
6551
6541
6554
6541
6561
6535
6534
6540
6536
6545
6545
6535
6555
6558
6548
6543
6553
6560
6531
6531
6529
6541
6548
6531
6550
6563
6550
6549
6531
6565
6544
6534
6553
6538
6550
6549
6539
6541
6524
6553
6548
6543
6542
6547
6559
6544
6532
6543
6533
6543
6530
6547
6523
6532
6536
6532
6550
6525
6546
6558
6549
6543
6532
6528
6537
6535
6531
6549
6538
6561
6555
6544
6546
6553
6533
6561
6535
6535
6548
6543
6529
6543
6537
6532
6541
6540
6555
