3278
6549
6533
6526
6525
6529
6528
6532
6536
6541
6545
6532
6532
6561
6528
6530
6532
6555
6546
6534
6534
6547
6528
6528
6545
6532
6541
6521
6532
6522
6553
6548
6530
6546
6554
6546
6544
6528
6543
6553
6533
6533
6530
6550
6522
6530
6542
6523
6528
6539
6524
6535
6539
6509
6540
6531
6543
6535
6535
6524
6527
6544
6516
6547
6534
6534
6522
6529
6521
6562
6536
6547
6509
6552
6534
6539
6525
6537
6549
6547
6547
6538
6539
6546
6533
6555
6541
6538
6538
6551
6519
6545
6541
6547
6550
6552
6554
6556
6549
6542
6538
6539
6543
6542
6532
6545
6549
6546
6541
6551
6546
6527
6533
6524
6532
6545
6540
6537
6532
6522
6548
6529
6533
6550
5800
5610
5586
5646
5185
3846
3767
3791
3695
2821
2524
2561
2569
2341
1824
1821
1777
1750
1305
1214
1109
1223
1096
907
907
935
910
924
871
944
948
907
945
951
904
937
915
908
899
922
914
970
942
897
940
983
906
953
945
992
939
873
943
947
967
941
969
926
911
965
980
906
924
915
970
895
935
947
862
957
897
873
902
873
900
867
899
919
868
873
872
840
897
953
899
850
901
876
917
866
887
906
873
908
881
781
828
823
870
932
920
945
911
944
853
840
818
810
896
865
878
948
938
877
881
899
887
869
853
914
894
905
811
900
891
932
913
885
914
876
888
862
905
911
865
942
951
941
971
955
946
947
917
978
959
974
925
979
904
868
959
927
927
986
982
929
939
934
914
939
967
975
919
902
950
956
910
922
951
1006
913
909
903
972
989
922
914
929
926
912
1132
1211
1145
1183
1356
1794
1861
1811
1758
2296
2626
2515
2575
2862
3795
3766
3766
3751
5138
5610
5675
5620
5869
6564
6538
6536
6529
6537
6550
6548
6544
6525
6488
6523
6522
6542
6523
6542
6538
6541
6531
6543
6534
6550
6544
6551
6532
6527
6553
6538
6557
6559
6543
6524
6559
6544
6540
6540
6549
6555
6533
6528
6558
6549
6529
6538
6541
6541
6545
6552
6533
6538
6546
6527
6535
6532
6540
6548
6544
6536
6534
6542
6551
6557
6544
6540
6545
6543
6543
6545
6531
6531
6549
6536
6543
6547
6539
6552
6524
6536
6537
6531
6535
6539
6527
6543
6526
6547
6550
6536
6522
6530
6537
6550
6545
6545
6520
6552
6534
6531
6561
6524
6537
6547
6544
6535
6525
6562
6544
6544
6550
6516
6537
6549
6551
6548
6557
6529
6527
6545
6531
6530
6541
6531
6546
6538
