263
573
608
1054
1024
833
673
783
814
793
791
627
629
634
655
668
593
584
570
545
516
498
512
501
522
474
467
449
467
463
444
400
401
412
357
373
406
355
344
357
310
402
347
303
320
282
275
281
361
231
285
339
252
318
266
261
235
237
282
226
252
264
212
231
240
222
254
224
209
240
220
235
225
244
204
195
182
222
206
228
219
190
187
184
160
183
169
158
165
139
147
141
144
114
153
146
163
172
157
173
159
158
147
164
151
168
157
148
147
165
147
163
162
160
184
161
179
175
165
151
177
166
195
178
186
167
199
184
189
207
208
214
230
216
285
271
267
301
298
279
306
300
296
265
303
361
324
332
324
396
338
332
428
311
396
381
382
364
383
455
396
408
394
419
405
410
445
447
458
482
451
489
517
533
564
574
590
633
687
596
563
590
626
705
677
675
700
612
742
790
894
802
866
824
801
866
1073
1124
679
598
