3270
6558
6562
6538
6542
6537
6547
6547
6546
6560
6547
6527
6540
6544
6545
6545
6562
6553
6532
6544
6541
6535
6537
6522
6527
6549
6546
6525
6558
6539
6534
6533
6534
6556
6536
6533
6539
6551
6546
6553
6563
6567
6541
6541
6530
6530
6553
6537
6546
6549
6547
6545
6565
6556
6530
6555
6543
6566
6534
6543
6537
6543
6533
6518
6540
6535
6560
6561
6557
6549
6555
6547
6552
6557
6538
6558
6553
6562
6552
6536
6540
6545
6554
6551
6553
6538
6534
6555
6549
6548
6544
6550
6545
6550
6578
6530
6540
6318
6244
6211
6253
6125
5919
5929
5909
5913
5351
5153
5115
5101
5129
4829
4866
4910
4808
4633
4631
4584
4662
4456
3972
3977
3947
3927
3968
3996
3934
3981
3829
3432
3397
3443
3412
3274
3119
3152
3102
3168
2994
2964
3043
2966
2654
2627
2538
2621
2429
2242
2151
2185
2157
2218
2139
2222
2171
2177
2074
2050
2086
2172
1865
1858
1766
1801
1766
1773
1792
1818
1736
1555
1536
1463
1457
1428
1291
1317
1302
1378
1353
1349
1320
1323
1291
1233
1249
1225
1308
1042
1010
1047
1019
973
1016
1060
991
1067
849
815
753
811
792
915
885
912
870
763
703
667
720
720
639
674
641
602
633
629
614
644
581
471
437
492
464
602
648
613
609
611
527
452
491
470
593
638
626
653
612
671
672
682
624
724
673
665
657
789
854
847
881
915
831
812
796
795
843
1058
975
987
996
947
949
986
1004
1083
1272
1257
1240
1222
1321
1425
1377
1335
1311
1307
1311
1324
1303
1401
1442
1477
1434
1531
1806
1760
1793
1771
1756
1736
1805
1798
1847
2060
2111
2068
2062
2166
2185
2214
2203
2174
2200
2210
2241
2214
2492
2487
2496
2475
2651
2973
2947
2933
2991
3095
3055
3132
3156
3160
3356
3415
3388
3399
3868
4050
4047
4001
4038
3969
3973
3919
3981
4436
4625
4592
4629
4748
4829
4917
4829
4829
5100
5154
5123
5084
5391
5928
5939
5931
5952
6194
6221
6243
6260
6297
6556
6550
6534
6530
6546
6551
6558
6546
6532
6569
6557
6554
6532
6532
6549
6556
6519
6545
6561
6535
6560
6538
6542
6537
6547
6552
6555
6561
6529
6545
6538
6565
6541
6551
6540
6551
6541
6548
6548
6549
6531
6550
6550
6548
6567
6543
6541
6528
6557
6566
6544
6544
6542
6550
6529
6568
6536
6566
6553
6559
6558
6530
6554
6534
6528
6537
6541
6537
6549
6547
6532
6560
6540
6544
6538
6543
6559
6565
6554
6555
6535
6566
6558
6540
6536
6519
6542
6547
6543
6550
6551
6542
6558
6563
6533
6555
