485
982
985
978
979
980
986
978
976
983
984
976
983
976
984
977
980
981
979
971
983
973
980
978
980
982
984
979
984
983
982
985
989
975
977
985
972
984
975
972
981
985
978
983
984
985
982
978
983
986
981
974
974
980
982
982
976
821
637
537
381
317
246
191
157
150
142
149
143
161
128
149
145
145
135
143
125
119
163
164
128
129
107
134
136
123
131
119
129
125
120
124
134
138
133
141
135
115
128
131
155
139
130
139
123
130
125
134
128
155
120
126
128
137
139
117
152
122
120
141
133
155
149
147
129
159
150
145
160
143
144
151
147
141
145
134
151
193
248
286
380
487
640
810
976
985
985
983
979
971
988
974
980
978
980
971
987
975
979
976
984
985
985
983
975
984
977
981
987
976
976
986
985
986
982
976
979
983
982
974
975
986
981
979
974
979
985
984
987
981
984
975
972
978
983
978
984
980
984
978
