492
976
977
983
985
985
985
985
979
972
979
979
979
975
980
986
987
988
984
985
975
981
980
980
977
975
986
978
978
980
981
980
979
983
984
984
981
985
976
993
991
986
975
979
981
977
977
962
932
851
811
753
733
683
627
603
517
531
499
458
457
400
387
362
327
323
331
289
272
251
227
200
213
210
181
167
151
131
114
131
117
125
128
101
141
148
131
124
122
135
147
135
132
126
132
130
102
111
135
128
157
118
117
114
117
116
142
121
114
134
155
151
131
122
125
134
149
132
114
114
104
136
135
150
155
159
180
208
232
214
234
242
268
306
352
317
313
359
384
408
442
482
503
531
536
603
616
681
724
765
800
874
933
959
985
979
978
984
986
983
986
989
987
981
975
986
974
985
970
965
983
983
974
980
988
979
987
978
984
982
978
973
979
986
974
986
979
981
985
983
975
984
980
985
978
985
985
981
985
983
