323
705
675
691
676
636
711
639
641
664
683
702
690
664
667
711
655
660
665
632
629
696
613
643
699
673
672
667
671
647
642
692
644
684
681
653
659
629
668
688
714
640
649
621
679
631
670
694
728
651
686
666
654
678
686
677
695
677
636
634
663
650
681
726
671
666
677
638
658
672
670
701
690
692
616
667
690
647
650
655
720
714
406
194
140
125
56
43
27
23
15
13
3
5
1
1
6
3
4
1
0
0
0
0
0
0
0
0
0
0
1
0
0
0
0
0
0
1
1
0
0
0
1
0
0
0
0
0
0
0
0
0
0
0
0
0
0
1
0
0
0
0
0
0
0
0
0
0
1
0
0
1
0
0
0
0
0
0
0
0
0
0
0
0
0
0
0
0
0
0
0
0
0
0
0
0
0
0
0
0
0
0
0
0
0
0
0
0
0
1
0
1
2
0
0
0
0
2
3
1
1
1
2
7
7
4
10
9
2
10
1
14
24
39
69
154
135
212
362
418
407
513
656
666
646
699
703
617
706
676
627
650
632
645
624
621
649
666
615
634
658
717
639
673
685
666
672
607
652
707
653
663
710
681
651
671
607
684
672
698
660
703
652
642
678
680
702
675
629
654
701
663
647
674
668
651
649
634
691
641
628
733
671
620
712
680
622
671
665
661
658
647
623
654
670
626
650
617
643
671
