249
483
598
987
953
725
606
565
741
667
688
625
617
515
596
557
518
491
496
474
471
404
416
391
491
433
394
375
364
350
366
367
342
305
378
358
334
314
329
285
323
285
289
285
273
283
269
233
273
207
262
313
226
255
205
217
194
211
244
229
191
211
209
185
207
195
224
173
220
212
198
184
182
195
184
208
183
191
187
179
167
153
145
150
140
141
176
133
131
133
145
133
134
154
128
128
136
117
154
143
166
178
174
134
155
117
148
127
136
143
147
146
142
132
135
127
147
137
164
163
156
150
142
147
175
170
179
154
169
151
182
195
231
182
242
227
253
243
237
258
282
269
274
271
265
297
283
338
289
335
332
301
368
307
335
341
393
335
366
402
340
339
385
396
408
413
417
427
435
416
415
408
453
460
464
521
550
520
593
537
535
594
563
644
648
646
629
575
665
729
796
718
746
705
652
796
958
978
579
514
