341
664
681
649
648
709
681
721
674
675
637
686
689
645
673
674
655
662
649
713
680
655
690
652
665
669
689
671
668
719
698
650
644
687
674
685
658
697
648
705
703
659
683
664
661
713
699
704
675
654
706
647
668
646
713
641
693
689
656
658
627
667
695
640
648
668
672
651
686
622
610
660
684
614
651
681
678
697
667
643
665
641
635
535
423
307
166
90
44
26
9
12
6
4
2
4
9
7
5
1
1
0
1
0
1
0
0
0
1
0
1
1
3
1
0
1
0
0
0
0
0
0
0
0
0
1
1
0
0
0
0
0
0
0
0
0
0
0
0
0
0
0
0
0
1
0
0
0
0
0
0
1
0
0
0
0
0
0
0
1
0
0
1
0
0
0
0
0
1
0
1
0
0
0
1
0
0
0
0
0
0
0
0
0
0
0
0
1
0
0
0
1
1
0
0
0
0
2
0
1
2
2
0
5
5
7
1
4
5
6
8
10
26
33
60
137
149
340
602
663
665
663
666
703
727
676
656
672
675
662
633
657
687
589
656
639
640
684
668
646
633
680
681
612
680
694
666
688
653
667
677
623
678
664
668
653
669
647
680
649
671
678
638
601
731
673
660
658
672
630
709
696
666
657
679
687
700
663
669
694
652
668
687
654
677
611
695
615
652
689
710
628
696
665
641
659
723
646
706
644
