374
685
675
665
598
709
635
638
661
708
712
651
689
649
640
691
696
663
670
654
658
624
695
695
646
717
670
663
656
708
657
652
671
661
621
647
653
690
674
644
622
630
627
677
627
682
680
682
688
680
650
680
699
671
700
668
628
624
678
656
693
706
664
636
696
688
662
598
691
667
679
652
657
621
647
600
682
705
661
712
430
409
413
325
236
201
106
84
65
45
14
16
11
11
1
4
4
2
1
2
3
0
2
0
0
0
0
0
0
1
0
0
1
0
0
0
0
0
1
0
0
0
1
2
0
0
0
0
0
0
0
0
0
0
0
1
0
1
0
0
1
0
0
0
0
0
0
0
0
0
0
0
0
0
0
0
0
0
0
0
0
0
0
0
0
0
0
0
0
0
0
0
0
0
0
0
1
0
0
0
1
0
0
0
0
1
0
0
0
0
0
1
1
0
2
1
0
1
1
1
1
4
0
2
5
3
6
2
2
5
14
30
24
46
79
210
239
249
351
427
403
664
673
693
652
631
675
638
655
681
671
678
659
709
687
686
678
685
647
693
719
713
685
713
650
662
685
664
686
630
673
661
633
632
646
672
641
647
681
680
614
676
712
665
633
663
663
696
667
682
634
657
715
678
668
673
706
669
656
626
673
654
713
646
672
689
671
636
641
709
635
718
656
649
615
755
671
683
658
603
