292
588
668
1084
1024
846
679
732
809
783
812
657
623
635
703
679
629
593
557
525
472
437
497
502
537
474
434
451
440
456
416
423
400
374
331
383
371
310
344
332
294
386
324
302
322
289
330
278
313
238
256
335
253
280
252
269
243
230
235
209
294
253
223
250
242
232
271
197
265
198
240
250
237
224
195
216
203
215
191
204
236
216
215
185
159
165
157
162
158
171
162
166
155
144
176
132
156
174
148
148
150
152
143
145
151
183
169
141
150
142
156
156
161
160
157
150
167
157
159
171
163
162
184
172
155
166
177
175
197
187
206
206
273
259
300
299
278
289
283
261
321
300
302
304
280
299
321
341
308
365
360
283
402
350
394
363
408
345
386
412
387
395
387
411
431
425
437
450
490
443
456
529
528
458
546
566
568
616
634
599
631
654
678
710
679
706
686
664
693
787
825
762
891
822
759
816
1105
1132
722
634
