330
694
695
688
642
650
696
712
697
693
633
650
666
676
654
720
659
657
656
644
674
583
648
712
659
707
689
687
691
655
682
647
631
672
660
703
657
672
660
687
660
642
607
645
720
706
671
671
698
621
616
686
628
656
655
672
643
629
687
656
670
683
622
676
667
680
698
656
690
634
685
681
683
732
681
652
636
677
669
663
544
434
372
171
152
117
78
28
38
53
31
22
14
13
5
7
1
1
3
0
1
1
1
0
0
0
0
1
0
0
0
0
0
1
0
0
0
0
0
0
0
0
0
0
0
0
0
0
0
0
0
0
0
0
0
0
0
0
0
0
0
0
0
0
0
0
0
0
1
0
0
0
0
0
0
1
0
0
0
0
0
0
0
0
0
0
0
0
0
0
0
0
0
0
0
0
0
0
0
0
0
0
0
0
1
1
1
0
0
0
1
1
0
0
1
0
1
1
0
0
1
0
1
1
2
1
2
9
3
6
29
53
156
292
544
633
661
662
682
646
675
642
674
650
680
664
687
679
680
680
694
687
640
671
647
709
709
645
659
732
631
682
701
641
647
639
683
649
677
636
693
719
624
712
662
666
672
659
643
656
634
700
685
694
667
648
649
687
631
649
680
723
642
690
692
672
707
670
659
663
659
672
714
661
675
693
645
702
695
606
659
658
712
677
691
694
706
739
679
638
