3270
6524
6540
6527
6534
6539
6536
6565
6546
6549
6543
6539
6537
6539
6524
6517
6549
6527
6541
6534
6546
6554
6530
6532
6560
6538
6545
6551
6535
6524
6529
6531
6544
6519
6534
6537
6554
6540
6525
6535
6536
6542
6533
6549
6550
6547
6524
6542
6540
6546
6530
6529
6554
6545
6535
6530
6540
6535
6549
6538
6542
6539
6558
6545
6553
6537
6544
6542
6537
6549
6525
6533
6520
6551
6527
6531
6543
6555
6555
6522
6539
6549
6543
6540
6526
6524
6546
6534
6544
6540
6551
6556
6570
6536
6533
6543
6546
6528
6550
6536
6521
6526
6545
6537
6537
6530
6535
6523
6546
6550
6543
6542
6544
6533
6531
6311
6267
6240
6210
5924
5089
5114
5085
5121
4366
4173
4174
4173
4085
3377
3390
3429
3436
2933
2809
2841
2839
2689
2368
2304
2318
2210
2019
1890
1868
1870
1720
1541
1496
1561
1513
1425
1262
1293
1244
1186
996
1006
1079
1020
969
920
920
908
894
915
938
970
917
932
951
913
956
948
945
953
923
938
912
919
957
938
929
908
944
936
915
910
921
944
970
935
892
903
908
843
885
866
876
873
919
902
908
902
893
860
838
908
879
825
842
868
863
835
829
850
865
896
863
862
840
818
870
945
932
928
906
941
876
871
842
842
843
868
852
814
877
861
901
855
834
864
899
872
902
853
875
864
894
876
871
850
824
899
877
891
897
858
841
968
899
976
956
956
971
938
957
968
901
938
946
998
941
883
910
940
943
932
954
971
951
910
944
925
898
967
943
918
899
907
943
1046
1092
1104
1050
1184
1288
1243
1220
1392
1503
1544
1508
1537
1777
1813
1884
1892
2013
2338
2284
2328
2309
2700
2862
2805
2837
2892
3381
3352
3374
3432
3995
4227
4171
4168
4367
5107
5069
5119
5111
5960
6226
6187
6194
6312
6552
6544
6535
6538
6539
6559
6542
6560
6540
6533
6524
6537
6558
6538
6528
6529
6547
6549
6541
6537
6537
6541
6544
6541
6527
6531
6540
6543
6534
6558
6524
6521
6531
6544
6527
6536
6535
6543
6540
6553
6532
6540
6533
6553
6521
6550
6539
6550
6536
6545
6565
6573
6543
6549
6545
6534
6543
6536
6529
6529
6521
6529
6546
6533
6552
6526
6551
6542
6557
6532
6540
6535
6521
6511
6536
6552
6550
6552
6528
6522
6525
6543
6533
6542
6526
6516
6548
6531
6536
6529
6550
6546
6541
6537
6524
6524
6537
6526
6531
6542
6555
6537
6530
6533
6528
6542
6550
6528
6538
6540
6531
6548
6542
6549
