3263
6528
6543
6514
6524
6515
6539
6515
6522
6521
6544
6539
6532
6524
6528
6531
6541
6550
6513
6544
6554
6511
6535
6542
6525
6537
6545
6524
6542
6530
6534
6521
6528
6536
6541
6541
6538
6520
6522
6526
6553
6553
6543
6551
6529
6524
6537
6554
6559
6522
6540
6538
6544
6537
6530
6537
6532
6540
6541
6538
6526
6532
6543
6527
6548
6548
6545
6532
6547
6528
6535
6533
6534
6544
6539
6534
6536
6554
6549
6559
6542
6554
6524
6532
6530
6545
6555
6517
6539
6533
6534
6522
6529
6523
6529
6515
6538
6546
6521
6517
6528
6544
6527
6538
6527
6552
6530
6543
6548
6531
6548
6538
6546
6538
6531
6536
6545
6537
6514
6550
6541
6555
6542
6539
6533
6543
6523
6544
6535
6538
6517
6524
6548
3493
2533
2480
2522
2162
961
945
948
912
953
937
943
926
927
939
964
919
935
954
909
931
904
951
888
936
957
976
956
917
970
916
965
931
934
935
929
951
930
961
960
945
936
959
983
930
968
941
937
946
956
946
989
937
971
928
926
984
945
956
945
934
908
997
968
884
953
918
946
904
927
910
933
955
929
969
941
949
949
917
958
918
884
958
942
941
950
944
916
972
970
922
967
945
940
943
940
966
913
940
913
904
942
920
936
908
920
937
913
961
918
916
937
931
937
917
960
967
899
934
996
935
915
976
936
938
913
915
1003
967
922
946
1036
959
928
965
980
897
912
906
926
960
946
917
926
982
944
949
990
930
895
926
966
966
909
913
965
891
913
928
918
967
959
944
938
914
923
941
949
913
952
906
895
961
923
955
896
948
900
959
914
2155
2536
2572
2524
3510
6527
6533
6552
6545
6537
6522
6515
6530
6526
6537
6529
6528
6524
6534
6537
6536
6519
6543
6549
6535
6543
6535
6539
6534
6541
6530
6544
6528
6534
6534
6533
6552
6541
6518
6530
6533
6549
6516
6546
6542
6522
6523
6531
6537
6534
6529
6524
6530
6536
6526
6550
6536
6534
6512
6533
6532
6544
6551
6536
6540
6535
6539
6534
6535
6525
6533
6548
6538
6524
6542
6537
6548
6547
6527
6541
6539
6551
6524
6541
6525
6513
6524
6549
6531
6523
6520
6552
6532
6533
6528
6533
6540
6535
6526
6541
6529
6527
6530
6516
6534
6554
6555
6531
6537
6547
6563
6536
6537
6535
6538
6536
6549
6558
6518
6556
6548
6547
6534
6536
6539
6546
6538
6531
6539
6535
6541
6538
6523
6547
6536
6538
6543
