3266
6548
6543
6554
6548
6532
6566
6557
6554
6576
6566
6542
6554
6536
6546
6540
6566
6547
6540
6558
6542
6560
6543
6549
6553
6549
6530
6552
6547
6563
6535
6546
6546
6565
6544
6550
6529
6565
6558
6541
6555
6557
6537
6523
6530
6538
6541
6552
6527
6550
6535
6546
6532
6549
6551
6572
6549
6559
6550
6546
6556
6562
6546
6555
6528
6553
6530
6558
6560
6533
6557
6560
6551
6567
6559
6558
6545
6552
6557
6538
6546
6522
6531
6566
6554
6532
6552
6548
6550
6542
6558
6532
6548
6531
6566
6553
6563
6306
6243
6228
6207
6172
5970
5932
5921
5905
5305
5160
5109
5071
5028
4869
4898
4812
4824
4658
4654
4606
4611
4458
3943
4032
3949
3947
3977
3991
3990
4021
3918
3372
3423
3427
3409
3184
3180
3234
3030
3020
2895
2947
2963
2983
2644
2587
2521
2529
2437
2250
2127
2177
2231
2145
2130
2223
2174
2188
2074
2076
2137
2063
1846
1806
1797
1700
1799
1774
1815
1814
1806
1577
1483
1505
1506
1435
1336
1281
1297
1368
1356
1362
1358
1294
1326
1245
1263
1321
1238
1115
1013
997
969
994
1089
1050
991
1057
939
768
831
799
828
927
878
899
860
754
709
692
657
713
645
657
679
686
636
629
653
639
590
462
464
468
477
577
628
643
694
606
470
499
452
452
607
612
631
660
619
651
645
640
652
715
719
707
738
776
886
910
895
910
796
849
786
795
897
1025
1116
1030
1062
1025
989
980
1003
1108
1274
1262
1248
1262
1344
1337
1320
1335
1348
1338
1362
1380
1303
1471
1464
1454
1401
1572
1772
1801
1793
1787
1800
1758
1815
1802
1877
2204
2042
2068
2076
2125
2174
2217
2172
2193
2205
2249
2144
2175
2463
2459
2498
2572
2738
2933
2978
3018
2888
3061
3133
3146
3087
3103
3362
3455
3416
3450
3854
3961
3918
3907
3950
3922
4035
3912
3990
4466
4642
4592
4570
4630
4972
4775
4842
4855
5031
5112
5100
5077
5282
5893
5921
5909
5922
6142
6224
6242
6240
6311
6552
6536
6527
6546
6562
6567
6538
6543
6550
6539
6552
6540
6529
6523
6567
6560
6543
6533
6533
6578
6546
6546
6548
6553
6549
6539
6535
6539
6552
6549
6555
6537
6550
6550
6541
6551
6546
6547
6547
6555
6562
6539
6552
6554
6553
6540
6554
6547
6539
6533
6526
6527
6540
6560
6540
6569
6551
6539
6539
6550
6553
6573
6545
6540
6536
6538
6545
6525
6543
6543
6563
6515
6529
6550
6543
6554
6551
6552
6541
6543
6540
6564
6556
6551
6534
6561
6541
6579
6532
6545
6531
6553
6544
6564
6550
6549
