3277
6533
6549
6553
6539
6558
6554
6540
6542
6529
6551
6537
6537
6549
6564
6533
6548
6557
6550
6553
6546
6542
6552
6522
6557
6538
6547
6529
6542
6555
6513
6539
6554
6525
6541
6572
6570
6569
6553
6528
6523
6547
6534
6534
6554
6547
6550
6560
6548
6545
6538
6532
6545
6567
6547
6558
6548
6533
6534
6553
6525
6537
6565
6550
6538
6526
6551
6543
6571
6558
6555
6534
6547
6541
6545
6542
6556
6530
6549
6534
6546
6539
6532
6541
6548
6552
6568
6558
6546
6539
6548
6520
6538
6553
6572
6566
6554
6533
6522
6537
6533
6466
6249
6219
6230
6288
5596
5352
5378
5379
5303
5064
5151
5052
5122
4737
4583
4636
4612
4447
3793
3819
3820
3739
3975
3981
3901
3989
3734
3144
3053
3144
3000
3251
3279
3269
3244
3088
2495
2485
2592
2499
2496
2575
2530
2583
2449
2274
2274
2216
2324
2033
2007
1963
1987
1952
1882
1881
1927
1866
1709
1750
1736
1711
1727
1602
1554
1625
1536
1225
1164
1157
1151
1190
1412
1406
1427
1379
1086
1027
1065
1022
1027
1113
1149
1148
1199
904
820
838
852
896
987
942
929
952
728
681
713
695
720
682
717
696
691
807
850
822
837
859
757
669
722
755
818
850
853
854
781
613
580
640
609
849
1017
982
956
878
593
601
608
624
785
813
834
844
776
724
733
717
730
826
833
849
831
848
696
705
682
692
730
725
718
691
720
960
936
960
880
857
836
842
828
970
1138
1120
1154
1175
1070
1041
998
1036
1140
1358
1421
1374
1385
1229
1137
1176
1154
1295
1634
1578
1607
1656
1607
1695
1667
1694
1775
1935
1840
1873
1927
1917
1998
2019
1968
2048
2290
2337
2301
2250
2480
2518
2580
2569
2559
2554
2482
2645
2519
3059
3247
3285
3310
3181
3077
3033
3069
3008
3774
3996
4006
4010
3957
3804
3825
3799
3774
4282
4677
4656
4643
4741
5112
5124
5089
5171
5321
5431
5285
5355
5566
6202
6208
6231
6229
6462
6526
6553
6558
6550
6546
6552
6552
6551
6542
6539
6524
6550
6549
6553
6562
6543
6551
6532
6540
6538
6555
6558
6543
6546
6538
6546
6562
6531
6544
6548
6521
6534
6539
6532
6564
6556
6547
6543
6536
6542
6532
6518
6552
6520
6562
6539
6541
6542
6544
6548
6538
6535
6528
6545
6547
6559
6538
6552
6533
6537
6521
6522
6552
6531
6554
6556
6545
6530
6520
6529
6535
6547
6558
6546
6542
6542
6529
6534
6539
6542
6580
6550
6537
6544
6561
6556
6545
6547
6531
6543
6541
6535
6546
6536
6534
6563
6529
6545
6554
6539
