3268
6566
6557
6547
6557
6548
6539
6537
6552
6547
6545
6548
6550
6547
6537
6541
6536
6553
6549
6546
6547
6562
6557
6545
6558
6556
6538
6550
6548
6521
6562
6540
6537
6544
6554
6565
6535
6541
6551
6546
6538
6545
6543
6536
6537
6527
6523
6572
6543
6556
6539
6556
6549
6531
6549
6547
6526
6553
6543
6544
6546
6533
6550
6571
6553
6547
6535
6555
6537
6546
6541
6545
6542
6543
6549
6555
6546
6551
6549
6554
6551
6541
6544
6546
6546
6541
6544
6545
6557
6544
6551
6542
6537
6509
6552
6538
6552
6551
6550
6549
6560
6393
5928
5895
5889
5892
5737
5622
5660
5634
5530
5121
5101
5139
5103
4541
4399
4386
4397
4287
4173
4172
4204
4214
3902
3801
3864
3752
3736
3298
3286
3310
3295
3146
3145
3009
3081
3077
2807
2850
2809
2802
2531
2457
2385
2392
2487
2552
2553
2594
2541
2106
2003
2020
1944
1956
1969
2001
1934
2017
1838
1818
1806
1802
1733
1550
1561
1554
1549
1510
1553
1469
1513
1494
1500
1490
1439
1509
1296
1132
1262
1195
1202
1063
1141
1101
1118
1077
1063
988
1017
961
837
840
853
881
930
970
950
913
940
809
778
767
777
660
698
651
649
678
751
704
692
713
672
623
610
654
607
522
546
532
552
674
727
665
679
623
556
509
548
565
575
604
643
626
644
748
735
690
769
699
659
657
695
641
794
763
774
768
905
969
928
953
926
831
816
876
890
990
1026
1050
1028
1091
1108
1104
1095
1111
1181
1140
1228
1182
1322
1464
1486
1448
1465
1503
1611
1484
1564
1558
1510
1583
1520
1541
1726
1808
1762
1752
1791
1983
2027
1943
1996
1987
1923
1997
1922
2113
2546
2490
2520
2557
2410
2401
2359
2388
2526
2867
2844
2814
2815
3006
3138
3032
3064
3105
3334
3224
3267
3273
3637
3817
3828
3796
3899
4129
4180
4189
4146
4388
4426
4440
4403
4585
5130
5119
5111
5052
5499
5663
5609
5624
5638
5918
5960
5914
5935
6402
6574
6541
6546
6548
6540
6533
6532
6538
6538
6539
6549
6565
6537
6552
6533
6549
6547
6540
6557
6545
6545
6542
6558
6557
6547
6533
6528
6554
6559
6555
6544
6554
6554
6556
6540
6552
6566
6549
6543
6545
6537
6563
6553
6544
6544
6535
6551
6537
6561
6568
6553
6544
6545
6560
6559
6541
6537
6528
6549
6546
6544
6536
6546
6541
6559
6538
6537
6538
6560
6526
6547
6531
6553
6522
6555
6541
6542
6560
6567
6550
6550
6551
6549
6522
6538
6553
6542
6548
6551
6549
6547
6550
6570
6545
6546
6541
6551
6555
6565
6544
