353
645
650
629
684
702
663
630
662
685
678
583
664
719
660
653
642
712
661
637
661
684
678
684
644
701
633
686
684
725
618
696
689
630
689
659
699
605
678
651
688
674
672
663
668
613
673
628
662
662
611
726
651
673
672
635
669
636
605
667
684
667
696
709
643
691
684
653
679
640
685
658
681
635
677
647
654
639
659
649
663
701
613
347
184
124
58
34
37
27
16
18
15
11
12
4
5
4
2
1
0
0
0
0
0
0
0
0
0
0
0
0
0
2
0
0
0
1
0
0
0
0
0
0
0
0
0
0
0
0
0
1
0
0
0
0
0
0
1
0
0
0
0
0
0
0
0
0
0
0
0
0
0
0
0
0
0
0
0
0
0
0
0
0
0
0
0
0
0
0
0
0
0
0
0
0
0
0
0
0
0
0
0
0
1
0
0
2
0
1
0
0
2
0
0
0
0
0
0
2
0
2
4
0
1
5
4
3
5
3
9
22
52
100
275
415
444
653
658
655
647
674
617
693
682
673
658
699
636
629
654
632
662
615
635
675
658
672
658
645
649
666
661
661
664
661
674
686
683
695
650
636
698
653
679
674
654
648
699
658
663
678
678
695
680
699
654
636
636
594
665
660
673
648
635
693
683
654
689
654
723
636
714
647
626
726
683
666
656
696
640
672
678
661
687
667
692
671
690
694
