3267
6564
6558
6542
6557
6567
6558
6549
6539
6539
6538
6560
6533
6530
6536
6546
6555
6538
6561
6544
6546
6548
6543
6538
6544
6540
6542
6562
6526
6558
6567
6533
6545
6558
6534
6527
6546
6528
6545
6546
6543
6552
6518
6537
6554
6535
6550
6553
6541
6545
6567
6541
6552
6527
6540
6535
6542
6536
6547
6525
6526
6545
6536
6557
6528
6551
6542
6550
6548
6531
6544
6547
6543
6556
6526
6538
6529
6559
6563
6555
6555
6558
6549
6538
6546
6553
6551
6533
6536
6545
6535
6541
6532
6529
6541
6509
6529
6534
6564
6541
6541
6368
5938
5957
5988
5938
5523
5391
5342
5351
5201
4820
4840
4847
4792
4547
4395
4309
4410
4216
3739
3644
3746
3771
3672
3628
3563
3606
3515
3236
3217
3196
3298
3072
2903
2954
2962
2888
2788
2794
2813
2757
2654
2538
2598
2511
2458
2264
2275
2241
2365
2297
2216
2204
2253
2217
2068
2082
2070
2185
1952
1874
1885
1832
1862
1665
1581
1603
1656
1610
1662
1599
1649
1625
1372
1516
1448
1504
1342
1284
1267
1286
1219
1094
1123
1085
1063
1028
1075
1043
1036
994
829
873
844
850
827
827
836
856
792
652
668
706
675
704
738
737
718
698
689
612
627
664
641
699
684
643
641
574
590
618
589
565
679
585
645
595
560
596
576
596
649
680
655
677
674
648
710
687
662
659
678
717
662
680
717
689
698
687
817
868
804
816
886
846
863
850
817
985
1057
1018
988
1027
1032
1086
1071
1107
1200
1246
1297
1262
1310
1457
1363
1463
1475
1607
1595
1676
1630
1596
1628
1604
1622
1579
1839
1819
1920
1854
1985
2062
2156
2093
2126
2149
2165
2219
2175
2223
2346
2359
2242
2305
2526
2621
2518
2555
2665
2874
2817
2797
2825
2890
2955
2932
2951
3020
3253
3245
3310
3203
3516
3584
3631
3594
3648
3803
3801
3789
3810
4263
4427
4455
4403
4527
4814
4814
4896
4876
5239
5322
5366
5391
5498
5938
5920
5936
5912
6367
6559
6539
6550
6552
6565
6557
6539
6539
6529
6555
6536
6529
6541
6567
6547
6562
6544
6551
6558
6538
6524
6542
6555
6543
6545
6539
6569
6559
6541
6545
6557
6531
6553
6542
6556
6541
6542
6544
6553
6536
6537
6544
6575
6546
6527
6529
6559
6539
6545
6578
6555
6553
6546
6543
6533
6559
6522
6546
6534
6550
6545
6529
6541
6559
6557
6561
6553
6557
6543
6556
6544
6567
6544
6567
6545
6568
6535
6546
6548
6535
6563
6541
6550
6560
6563
6545
6535
6546
6533
6558
6546
6533
6562
6538
6557
6524
6540
6556
6525
6566
