785
1639
1788
2286
2602
2087
1734
1656
1649
1591
1650
1461
1267
1214
1162
1059
998
959
832
856
730
710
692
559
529
587
568
563
520
607
556
498
447
381
388
343
379
338
308
331
286
359
363
387
404
369
292
288
339
309
400
507
405
478
442
349
357
378
363
270
342
279
260
271
265
292
304
311
371
341
297
282
239
276
287
274
270
270
294
248
253
210
260
242
228
215
214
198
216
180
183
176
220
211
226
194
177
188
210
217
229
223
219
177
211
182
191
198
204
218
230
254
241
223
188
227
257
242
253
241
271
243
198
180
195
265
232
252
259
253
299
236
260
213
247
314
350
331
409
290
288
361
363
391
404
397
319
395
426
436
394
319
360
335
439
570
739
743
594
459
405
458
439
533
540
494
527
537
548
506
461
514
521
471
486
498
603
628
719
641
628
761
764
714
643
730
728
701
912
812
872
922
1004
957
865
850
1160
1133
863
744
