3261
6549
6554
6539
6531
6547
6536
6548
6533
6539
6538
6537
6545
6548
6547
6538
6554
6558
6541
6539
6530
6555
6523
6545
6552
6555
6533
6534
6550
6519
6548
6527
6568
6562
6522
6536
6552
6536
6534
6542
6532
6542
6537
6545
6554
6536
6553
6563
6537
6522
6551
6555
6530
6550
6545
6529
6539
6540
6532
6537
6520
6531
6530
6547
6554
6545
6526
6532
6546
6508
6534
6537
6531
6524
6543
6527
6531
6543
6521
6553
6535
6570
6552
6528
6565
6540
6541
6524
6525
6547
6560
6551
6559
6550
6536
6524
6553
6546
6529
6554
6536
6542
6529
6541
6543
6546
6538
6543
6520
6531
6528
6554
6531
6533
6544
5667
5377
5303
5400
5156
4596
4637
4576
4634
4015
3797
3826
3688
3570
3136
3083
3096
3107
2756
2673
2581
2614
2576
2429
2405
2379
2405
2250
2203
2189
2224
2067
1689
1685
1718
1666
1557
1526
1486
1442
1402
1337
1399
1384
1338
1203
1113
1183
1187
1086
979
957
955
922
836
870
827
862
882
946
1002
933
928
919
871
916
886
813
895
918
887
877
865
901
881
927
928
948
882
880
912
984
977
1011
897
939
903
893
914
900
954
913
945
943
927
853
840
861
822
881
861
880
852
859
859
857
882
901
936
924
926
906
920
804
835
850
874
825
833
815
833
852
861
836
802
828
931
951
916
891
937
915
951
944
956
893
918
916
922
907
955
878
886
867
900
889
898
875
873
868
906
878
869
888
912
883
914
888
952
974
942
947
905
843
877
814
859
997
1009
985
952
1125
1161
1161
1174
1202
1313
1310
1280
1278
1440
1446
1530
1480
1540
1671
1747
1737
1735
2131
2197
2256
2227
2192
2489
2425
2420
2398
2569
2675
2627
2668
2784
3068
3057
3150
3088
3576
3818
3799
3729
4040
4592
4558
4620
4626
5170
5370
5361
5365
5624
6547
6543
6532
6519
6528
6529
6546
6551
6545
6547
6547
6528
6537
6531
6543
6531
6547
6520
6537
6531
6532
6531
6535
6525
6554
6557
6550
6550
6537
6541
6557
6545
6550
6537
6545
6548
6550
6534
6559
6567
6528
6531
6533
6545
6550
6526
6529
6534
6554
6549
6551
6553
6546
6536
6550
6529
6549
6540
6544
6537
6545
6543
6550
6560
6536
6534
6527
6526
6534
6525
6557
6514
6540
6542
6553
6540
6552
6559
6542
6538
6532
6547
6539
6552
6558
6539
6557
6538
6532
6541
6524
6520
6549
6544
6527
6525
6527
6545
6541
6546
6552
6530
6541
6549
6562
6553
6533
6554
6522
6545
6537
6535
6551
6545
