3267
6550
6544
6551
6522
6533
6543
6543
6539
6539
6541
6540
6537
6554
6539
6551
6556
6554
6555
6538
6542
6530
6540
6546
6535
6552
6538
6532
6543
6525
6556
6554
6551
6539
6547
6553
6548
6524
6568
6569
6538
6552
6546
6541
6566
6536
6563
6531
6549
6554
6537
6558
6529
6526
6563
6546
6529
6535
6541
6539
6531
6542
6548
6554
6562
6554
6551
6543
6558
6536
6548
6541
6548
6530
6524
6532
6536
6546
6539
6540
6547
6556
6555
6542
6524
6542
6550
6537
6547
6523
6551
6539
6554
6535
6542
6536
6541
6534
6536
6547
6559
6395
5912
5947
5898
5885
5492
5343
5367
5391
5194
4828
4841
4872
4890
4525
4464
4422
4410
4233
3782
3774
3672
3815
3663
3633
3666
3616
3521
3298
3216
3275
3238
3033
2981
2929
2927
2915
2867
2813
2804
2697
2602
2530
2535
2600
2540
2314
2337
2308
2275
2264
2219
2148
2153
2113
2068
2053
2042
2050
1929
1863
1868
1948
1845
1676
1727
1662
1652
1606
1634
1598
1639
1547
1460
1458
1492
1424
1236
1268
1285
1229
1229
1055
1106
1111
1099
1030
1010
1045
1036
1020
862
869
826
837
884
853
820
861
838
701
740
703
739
688
697
676
672
642
662
690
648
624
663
672
675
604
649
610
622
607
613
668
658
619
615
643
580
644
600
634
660
663
622
633
634
705
648
654
627
691
732
687
711
669
665
709
708
717
823
873
881
854
853
851
843
859
812
941
997
1014
1053
1016
1065
1078
1065
1096
1274
1252
1243
1211
1315
1490
1475
1492
1485
1536
1644
1626
1607
1618
1625
1648
1652
1646
1783
1860
1863
1848
1907
2100
2084
2062
2128
2167
2187
2213
2173
2168
2302
2239
2359
2214
2466
2565
2660
2595
2632
2808
2843
2780
2838
2937
2928
2943
3023
3042
3299
3268
3267
3277
3610
3631
3630
3680
3688
3755
3732
3795
3766
4258
4390
4342
4417
4536
4915
4824
4899
4882
5260
5354
5324
5344
5505
5920
5925
5864
5937
6394
6543
6541
6548
6554
6556
6541
6530
6546
6532
6540
6555
6533
6568
6533
6538
6545
6554
6543
6546
6535
6547
6548
6536
6535
6549
6543
6555
6557
6546
6551
6543
6555
6534
6552
6552
6531
6529
6547
6550
6550
6560
6537
6535
6549
6546
6541
6529
6538
6541
6544
6510
6552
6551
6544
6557
6565
6550
6542
6537
6529
6536
6550
6544
6559
6546
6548
6562
6552
6557
6558
6550
6559
6551
6539
6539
6532
6566
6543
6532
6564
6567
6542
6538
6537
6542
6542
6542
6536
6557
6544
6556
6548
6556
6545
6559
6520
6530
6535
6541
6560
