329
616
681
1131
1017
910
699
788
829
856
767
655
663
601
719
720
591
531
537
545
498
511
501
523
497
535
422
415
455
463
450
442
427
334
357
388
366
331
346
372
322
397
308
311
313
301
318
315
296
254
276
347
229
301
246
257
250
251
243
240
266
260
239
211
229
208
247
206
245
208
218
246
218
244
240
223
214
224
204
192
216
198
209
173
187
165
161
156
174
156
147
137
168
168
151
181
146
159
169
165
177
160
149
140
170
153
157
144
158
137
137
156
175
168
150
158
166
154
166
156
169
169
143
170
176
171
194
170
181
180
210
227
237
242
270
267
282
274
253
284
286
294
302
302
289
325
320
312
270
359
344
332
426
363
362
331
387
356
374
389
365
376
388
415
405
436
482
441
493
447
469
534
555
516
552
526
570
594
637
626
530
674
696
644
676
692
715
677
724
767
883
819
846
796
739
884
1033
1175
701
634
