355
665
657
678
617
684
691
668
666
676
695
658
685
665
692
666
674
701
664
663
655
662
649
606
699
693
624
716
664
638
668
679
624
674
625
665
627
638
672
670
672
695
710
685
685
741
655
666
668
667
659
660
663
696
711
673
671
662
677
699
604
682
688
662
707
636
671
652
686
669
692
672
684
642
646
648
649
703
658
687
524
417
368
273
241
212
90
33
30
45
18
15
6
15
7
7
6
4
0
1
2
2
4
2
1
0
1
3
0
1
2
0
0
2
0
0
0
0
0
0
0
0
0
0
0
0
0
0
0
0
0
0
0
0
0
0
0
0
0
0
0
0
0
0
0
0
0
0
0
0
0
0
0
0
0
0
0
0
0
0
0
0
0
0
0
0
0
0
0
0
0
0
0
1
0
0
0
0
0
0
1
0
0
0
1
0
0
0
0
1
1
1
0
0
0
1
0
0
3
3
0
5
6
10
7
5
2
3
6
3
19
43
51
102
205
242
236
318
648
722
629
621
645
698
711
683
644
680
656
682
700
719
640
661
667
684
707
681
733
684
633
634
655
674
655
663
672
657
653
700
670
652
710
648
641
664
688
640
628
698
632
660
618
675
629
682
671
667
662
633
674
663
687
693
679
643
648
684
662
674
685
634
660
687
694
715
666
727
640
716
644
668
635
630
699
710
650
672
710
658
