3267
6535
6534
6539
6532
6542
6532
6533
6551
6559
6555
6526
6540
6531
6551
6530
6521
6528
6560
6534
6511
6540
6554
6528
6520
6529
6525
6552
6536
6526
6535
6532
6556
6522
6538
6532
6529
6540
6530
6549
6523
6528
6544
6533
6555
6516
6550
6521
6543
6534
6552
6520
6557
6531
6524
6541
6546
6540
6540
6536
6527
6545
6534
6537
6539
6541
6557
6534
6564
6541
6528
6534
6548
6540
6532
6538
6539
6551
6541
6541
6533
6540
6535
6538
6532
6539
6529
6538
6538
6527
6525
6521
6514
6530
6523
6549
6538
6518
6546
6546
6528
6539
6537
6527
6520
6537
6513
6527
6540
6545
6553
6552
6548
6546
6536
6557
6556
6540
6517
6545
6524
6499
6531
6534
6542
6539
6547
6533
6326
5659
5601
5685
5632
3331
2546
2546
2496
2196
1154
1244
1169
1216
983
878
952
911
941
952
928
906
895
891
987
895
925
918
920
883
896
865
903
860
933
873
881
860
844
919
904
951
874
898
886
873
885
878
917
857
885
899
932
927
886
908
828
911
875
867
940
894
907
878
837
911
894
894
896
874
881
902
902
869
900
874
910
903
887
903
897
940
911
896
907
934
916
932
912
915
872
904
854
885
866
920
947
951
945
954
902
889
877
896
914
876
885
916
914
864
893
913
865
953
871
894
881
869
940
915
894
873
862
918
914
904
897
862
899
886
908
846
893
903
907
919
894
866
891
893
872
877
880
890
887
886
898
892
900
904
864
908
858
879
853
867
868
897
889
892
840
932
842
921
875
904
901
896
935
938
941
919
933
942
932
972
907
959
944
980
1035
1202
1189
1137
1161
2185
2457
2502
2547
3301
5606
5605
5652
5643
6292
6531
6535
6537
6532
6521
6528
6539
6533
6546
6532
6528
6521
6532
6520
6532
6537
6552
6542
6543
6535
6536
6516
6557
6525
6536
6555
6539
6546
6529
6535
6551
6552
6556
6532
6543
6516
6526
6519
6554
6561
6536
6534
6542
6528
6547
6536
6559
6517
6526
6523
6534
6543
6547
6523
6536
6531
6538
6531
6529
6538
6548
6551
6530
6545
6526
6540
6547
6530
6527
6533
6560
6549
6532
6544
6526
6524
6526
6546
6527
6546
6561
6527
6510
6529
6537
6536
6535
6527
6545
6542
6519
6559
6527
6547
6534
6538
6528
6543
6539
6536
6508
6539
6548
6531
6556
6508
6524
6530
6548
6552
6538
6546
6545
6541
6528
6529
6538
6536
6536
6525
6537
6528
6532
6551
6539
6543
6538
