3283
6532
6552
6522
6532
6537
6521
6518
6534
6553
6547
6524
6538
6527
6534
6547
6537
6532
6536
6536
6547
6529
6541
6556
6532
6546
6557
6536
6524
6557
6542
6542
6551
6532
6552
6529
6554
6543
6539
6543
6549
6536
6526
6546
6538
6556
6555
6545
6540
6553
6548
6533
6537
6542
6553
6537
6543
6521
6544
6544
6554
6555
6539
6545
6536
6531
6523
6519
6542
6537
6537
6524
6546
6544
6506
6535
6537
6537
6545
6541
6518
6533
6550
6548
6535
6540
6551
6544
6541
6546
6552
6559
6555
6535
6547
6531
6546
6530
6538
6542
6521
6546
6531
6532
6510
6537
6546
6528
6536
6543
6535
6533
6553
6528
6535
6525
6533
6539
6532
6393
5895
5944
5925
5924
4771
4367
4378
4420
4147
3423
3439
3450
3450
2912
2642
2655
2676
2503
2036
2096
2057
2067
1705
1653
1611
1638
1570
1290
1302
1246
1278
1074
991
983
1006
971
923
917
934
935
879
940
924
942
963
967
933
952
936
929
910
916
906
907
947
930
890
947
923
962
940
950
958
882
925
967
948
980
904
964
956
923
901
972
981
937
904
934
942
929
934
856
897
911
887
879
872
933
843
904
876
870
881
890
914
913
903
841
814
859
858
832
850
903
952
931
962
906
780
830
865
845
900
917
931
896
835
879
883
859
817
930
866
841
864
939
873
843
929
889
940
957
919
943
984
957
944
968
980
890
926
912
934
908
922
962
869
903
942
932
947
916
911
938
929
921
956
885
849
856
897
907
954
966
955
1003
957
919
984
940
980
972
937
928
950
1011
1016
1005
976
1054
1263
1263
1272
1271
1572
1577
1602
1616
1742
2086
2040
2048
2134
2511
2690
2623
2687
2892
3480
3412
3374
3383
4169
4369
4428
4337
4729
5912
5932
5964
5884
6395
6527
6547
6539
6557
6569
6528
6531
6555
6519
6547
6537
6533
6536
6541
6514
6528
6514
6551
6557
6533
6533
6535
6551
6545
6542
6552
6546
6552
6522
6554
6548
6532
6547
6546
6543
6533
6543
6525
6535
6509
6561
6529
6543
6533
6529
6519
6534
6559
6517
6535
6516
6548
6541
6533
6503
6546
6558
6548
6537
6566
6532
6513
6536
6541
6549
6546
6544
6545
6549
6548
6518
6545
6560
6546
6533
6531
6535
6523
6533
6541
6529
6546
6535
6541
6520
6558
6544
6532
6521
6510
6547
6519
6535
6542
6519
6548
6544
6555
6551
6533
6543
6525
6512
6519
6536
6530
6520
6551
6527
6537
6546
6548
6542
6546
6518
6537
6535
6538
