3260
6556
6542
6531
6529
6526
6536
6544
6548
6539
6549
6547
6545
6536
6538
6547
6539
6537
6548
6544
6568
6546
6546
6541
6545
6537
6527
6550
6532
6541
6553
6545
6533
6542
6545
6534
6542
6530
6532
6527
6528
6537
6528
6535
6540
6527
6547
6550
6540
6535
6528
6546
6534
6516
6528
6551
6537
6542
6547
6535
6545
6543
6545
6539
6542
6537
6552
6533
6525
6507
6531
6534
6531
6536
6551
6535
6536
6515
6525
6527
6535
6538
6540
6541
6540
6542
6500
6535
6538
6533
6537
6548
6535
6527
6536
6528
6543
6528
6545
6546
6527
6538
6542
6528
6550
6536
6549
6538
6550
6547
6529
6546
6546
6549
6540
6535
6528
6536
6541
6391
5923
5883
5951
5935
4747
4418
4361
4435
4060
3419
3496
3371
3447
2905
2645
2608
2742
2498
2052
2022
2101
2078
1730
1667
1631
1577
1560
1275
1256
1228
1293
1092
913
987
1017
952
941
952
953
925
866
992
981
915
950
997
924
955
933
911
863
902
911
908
921
958
957
929
954
916
965
918
920
914
908
940
957
902
909
914
970
968
957
951
911
996
962
967
952
957
916
908
835
914
879
931
854
895
907
906
885
849
859
879
886
900
906
852
907
861
821
795
828
936
933
943
950
913
843
825
815
870
826
880
897
944
907
929
908
834
889
878
891
866
836
892
920
861
913
925
926
929
918
961
918
972
908
946
963
966
938
975
971
987
956
927
928
932
914
914
944
970
971
948
939
904
922
884
907
895
852
945
992
886
913
947
942
907
945
959
892
964
925
927
906
1007
1032
1007
992
1072
1315
1313
1260
1250
1520
1666
1645
1584
1722
2150
2142
2107
2062
2516
2771
2675
2661
2845
3386
3388
3385
3379
4145
4363
4412
4429
4724
5916
5911
5960
5952
6398
6535
6558
6537
6525
6513
6545
6541
6542
6555
6556
6553
6509
6526
6542
6542
6541
6540
6549
6533
6535
6522
6503
6538
6531
6539
6542
6521
6534
6536
6537
6538
6549
6538
6535
6522
6553
6550
6525
6556
6523
6542
6544
6533
6565
6536
6529
6531
6528
6547
6526
6527
6509
6530
6531
6557
6543
6534
6558
6529
6535
6542
6532
6556
6528
6559
6523
6539
6561
6544
6533
6532
6536
6540
6556
6537
6546
6542
6532
6551
6548
6550
6557
6530
6540
6540
6542
6555
6538
6541
6543
6536
6527
6533
6545
6528
6557
6532
6536
6552
6532
6553
6545
6550
6542
6540
6526
6527
6543
6537
6556
6512
6534
6532
6533
6523
6529
6517
6553
