303
571
696
1116
1064
903
701
710
803
780
731
722
613
636
627
694
561
583
571
533
419
516
488
545
513
528
476
432
458
440
425
413
382
341
373
399
382
350
367
335
326
385
343
269
327
294
278
294
337
254
287
283
302
310
261
243
234
258
275
235
240
238
244
228
213
219
255
201
221
234
233
230
228
230
248
212
215
178
219
222
204
203
183
192
173
159
154
154
152
185
179
164
160
131
120
179
143
145
169
168
157
149
177
166
171
148
162
155
150
134
160
167
165
173
169
177
157
153
170
176
166
193
194
174
154
187
208
178
207
209
190
236
238
239
272
281
280
277
304
263
309
282
298
320
280
262
315
326
298
368
355
296
385
363
341
390
370
382
373
435
379
397
413
367
425
410
417
428
483
431
497
504
514
511
554
559
567
582
643
610
578
661
639
666
651
689
699
643
714
824
818
838
793
852
867
916
1055
1136
696
621
