325
676
634
655
693
648
743
619
668
684
683
638
668
637
693
716
640
681
695
638
656
645
655
674
625
675
665
662
714
700
669
676
667
651
653
639
656
697
673
669
638
722
661
653
699
700
647
708
693
703
674
687
706
666
634
639
666
668
673
661
634
650
671
692
665
671
678
677
694
638
693
695
650
653
682
645
687
640
659
651
524
398
363
218
246
201
72
38
31
38
34
21
13
19
3
6
3
3
1
1
0
2
0
2
0
1
1
1
0
1
0
0
2
1
1
0
0
1
1
1
1
0
0
1
0
0
0
0
0
0
0
0
0
0
0
0
0
0
0
0
0
0
0
0
0
0
0
0
0
0
0
1
0
0
0
0
0
0
0
0
0
0
0
0
0
0
0
0
0
0
0
0
0
0
0
0
0
0
0
0
0
0
0
0
0
1
0
0
0
0
0
0
0
1
1
0
0
1
0
3
3
8
10
5
5
8
2
5
5
6
30
52
58
96
173
238
250
309
623
675
686
718
725
678
712
673
662
642
666
699
677
717
679
644
629
698
614
715
612
656
663
680
676
639
672
695
640
627
680
690
639
681
650
677
623
645
676
640
670
680
693
705
640
645
667
660
700
661
692
697
673
694
669
634
597
707
666
674
653
635
669
668
643
657
684
698
641
663
705
658
653
677
661
700
654
655
659
652
622
662
