247
458
525
890
853
615
579
733
759
650
663
627
637
584
593
476
487
530
469
452
383
428
462
423
408
390
413
428
482
460
417
415
386
402
454
416
443
398
400
389
375
341
362
321
305
360
370
303
425
283
293
327
261
307
329
332
290
298
251
280
286
279
283
300
246
298
295
255
278
259
243
247
239
256
306
284
263
231
247
245
246
252
264
213
222
256
218
189
209
204
172
155
179
169
198
195
164
194
170
181
200
178
192
195
173
170
164
157
183
172
180
162
164
189
203
166
229
197
188
190
195
194
198
173
157
161
192
222
174
199
236
223
256
198
275
230
229
224
232
258
257
263
351
300
268
308
335
316
284
382
347
331
368
314
307
356
405
357
412
443
426
428
369
383
432
375
433
472
479
473
523
557
600
603
596
694
649
594
624
620
623
618
751
812
816
1018
1072
1048
1167
1213
1214
1140
1144
1205
1315
1485
2005
2004
1333
1212
