3259
6553
6529
6545
6536
6533
6541
6527
6547
6528
6544
6539
6526
6529
6540
6544
6535
6538
6541
6547
6538
6544
6542
6545
6539
6530
6534
6513
6535
6528
6543
6538
6534
6534
6545
6554
6528
6530
6558
6558
6548
6545
6563
6523
6545
6534
6516
6574
6540
6557
6537
6549
6548
6518
6520
6539
6542
6527
6541
6538
6545
6561
6522
6536
6533
6535
6545
6542
6525
6532
6529
6534
6540
6535
6547
6553
6560
6557
6539
6540
6550
6551
6550
6497
6540
6541
6548
6533
6531
6552
6520
6525
6544
6528
6529
6541
6537
6526
6537
6559
6557
6529
6548
6522
6560
6544
6547
6540
6534
6551
6557
6529
6531
6548
6550
6536
6531
6522
6543
6529
6526
6545
6530
6523
6543
6532
6542
6546
6300
5597
5620
5595
5635
3277
2572
2502
2483
2213
1250
1171
1180
1240
986
931
927
931
961
922
892
917
965
952
955
961
934
965
920
918
945
949
861
903
858
900
868
900
859
890
871
935
929
916
865
833
894
880
894
865
876
946
876
876
866
870
899
934
888
856
885
925
903
894
891
861
914
841
858
873
878
918
831
910
870
874
934
896
874
891
847
887
879
903
883
850
921
871
879
898
876
888
892
846
902
899
965
922
938
914
863
904
826
930
901
890
901
885
914
875
884
873
885
884
885
920
889
889
887
851
865
851
864
929
879
894
851
876
873
880
877
890
873
851
900
924
911
922
917
915
901
918
900
898
873
855
866
889
928
931
908
850
912
843
867
862
887
899
927
926
904
877
909
910
888
878
924
922
924
975
982
942
905
948
967
916
943
897
953
924
1017
1246
1236
1180
1250
2236
2482
2584
2468
3222
5617
5621
5613
5660
6306
6528
6548
6556
6549
6552
6540
6522
6545
6542
6548
6536
6536
6516
6529
6532
6535
6534
6519
6550
6534
6546
6523
6549
6526
6532
6533
6545
6517
6553
6543
6534
6539
6529
6541
6543
6542
6539
6533
6528
6535
6523
6532
6558
6549
6545
6539
6539
6540
6532
6536
6520
6545
6561
6548
6543
6523
6519
6536
6517
6549
6513
6517
6526
6544
6543
6534
6536
6543
6529
6526
6515
6542
6550
6539
6559
6523
6555
6551
6536
6532
6548
6554
6543
6522
6527
6528
6519
6567
6541
6544
6528
6552
6516
6539
6535
6543
6533
6541
6524
6534
6538
6541
6552
6547
6540
6538
6555
6544
6555
6533
6529
6541
6551
6534
6533
6534
6543
6541
6551
6557
6527
6524
6535
6550
6547
6538
6522
