497
982
982
987
981
979
990
979
984
984
982
979
987
980
984
978
974
987
987
980
982
986
988
981
985
983
982
983
983
985
975
982
988
980
975
978
969
992
983
984
987
989
988
980
983
936
893
833
785
742
733
705
635
630
617
609
553
540
500
474
479
458
385
399
420
392
354
331
322
318
279
290
279
290
266
277
231
201
198
177
201
173
182
189
151
136
144
131
116
111
102
112
113
101
98
108
101
82
48
83
102
68
67
76
98
98
93
107
107
106
111
110
135
144
143
147
162
187
176
211
189
213
198
200
221
264
266
277
283
292
275
314
303
346
345
377
426
435
403
467
456
495
534
569
538
549
602
661
656
699
716
751
761
831
887
941
971
981
980
982
985
979
984
984
982
980
978
982
981
983
975
976
976
989
983
987
980
985
991
981
979
981
979
984
985
981
990
985
985
982
984
986
982
989
984
973
978
990
979
984
