349
686
691
702
611
686
677
695
639
698
701
689
649
700
654
659
659
628
674
694
662
665
678
679
619
623
638
696
650
669
696
680
654
664
701
637
681
690
695
631
694
651
693
692
716
687
658
694
700
606
618
727
649
647
678
659
635
642
690
657
658
673
672
669
684
633
666
619
633
706
646
702
663
660
642
613
693
651
675
478
411
386
347
198
144
176
70
22
10
19
12
6
1
2
7
2
6
1
5
1
2
0
1
1
1
1
0
0
3
2
0
0
0
1
0
0
1
0
1
0
1
0
0
0
0
0
0
0
0
0
1
0
0
1
0
0
0
0
0
0
0
0
0
0
0
0
0
0
0
0
0
0
0
0
0
0
0
0
0
0
0
0
0
0
0
0
0
0
1
0
0
0
0
0
0
0
0
0
0
0
0
0
0
0
0
0
0
1
1
0
3
0
1
2
0
0
1
0
0
0
1
1
1
6
3
4
4
4
2
9
9
24
26
23
45
131
157
194
386
665
717
629
622
648
678
643
645
656
650
653
723
634
696
673
640
666
676
688
695
616
680
685
687
681
669
666
705
623
663
649
668
668
655
670
622
650
682
698
718
674
649
667
672
669
678
685
692
646
671
660
683
675
703
692
642
663
717
626
674
688
650
702
657
739
682
693
694
648
648
706
664
680
709
671
689
679
669
643
689
687
