3259
6539
6530
6559
6549
6534
6558
6525
6528
6548
6538
6553
6543
6513
6553
6547
6560
6530
6543
6542
6537
6557
6561
6528
6519
6516
6539
6546
6549
6551
6505
6536
6541
6571
6552
6535
6558
6563
6547
6536
6521
6525
6539
6526
6565
6538
6530
6537
6543
6543
6537
6518
6553
6546
6545
6547
6551
6552
6544
6524
6544
6530
6550
6548
6551
6541
6552
6554
6548
6550
6523
6530
6528
6557
6553
6550
6555
6543
6545
6533
6522
6531
6537
6530
6565
6550
6572
6566
6526
6540
6565
6550
6529
6534
6564
6565
6554
6538
6520
6534
6545
6461
6189
6219
6252
6230
5558
5360
5332
5355
5292
5120
5125
5098
5081
4776
4675
4655
4644
4390
3759
3740
3804
3706
3946
3932
4033
4071
3710
3091
3118
3102
3090
3214
3318
3226
3349
3089
2581
2552
2561
2517
2517
2583
2512
2558
2513
2319
2342
2335
2319
2023
2064
2029
1971
1933
1844
1870
1916
1821
1731
1731
1691
1709
1735
1590
1579
1662
1581
1263
1176
1129
1212
1204
1417
1393
1402
1420
1136
1055
1062
1018
1059
1168
1143
1173
1196
958
810
825
856
866
927
993
970
913
753
729
702
704
738
701
714
678
740
837
890
848
850
872
753
700
662
712
802
855
807
868
738
572
608
623
599
861
899
933
1000
820
611
600
584
583
782
832
833
818
805
745
729
711
743
797
868
848
839
829
668
723
705
713
692
720
691
677
715
902
955
885
944
877
860
881
801
928
1150
1204
1163
1158
1012
1031
1008
1022
1144
1402
1355
1405
1347
1262
1147
1113
1168
1203
1559
1673
1591
1599
1680
1690
1716
1696
1724
1914
1865
1863
1899
1929
1959
2042
1952
2048
2289
2296
2292
2338
2482
2515
2477
2538
2573
2564
2483
2572
2516
3132
3272
3376
3236
3189
3104
3075
3150
3090
3738
3983
3973
3937
3913
3787
3786
3808
3749
4497
4643
4620
4606
4721
5089
5112
5143
5122
5298
5336
5380
5316
5571
6193
6232
6222
6208
6460
6537
6537
6528
6534
6553
6552
6546
6556
6541
6554
6553
6536
6548
6553
6574
6566
6581
6526
6530
6553
6512
6527
6549
6562
6549
6548
6545
6542
6536
6553
6541
6542
6549
6544
6552
6542
6563
6540
6572
6534
6536
6553
6555
6551
6530
6551
6555
6537
6540
6520
6538
6544
6548
6552
6541
6550
6556
6560
6542
6534
6525
6519
6555
6548
6549
6550
6568
6512
6532
6531
6537
6535
6553
6538
6564
6536
6543
6556
6548
6536
6526
6564
6557
6539
6549
6553
6558
6568
6532
6519
6530
6535
6542
6550
6536
6570
6561
6549
6523
6540
