488
984
979
980
983
988
980
978
978
979
984
984
983
974
981
979
977
981
973
982
983
986
979
971
971
979
982
982
976
981
982
982
985
975
985
980
982
974
988
973
982
984
979
984
979
978
985
979
979
988
973
884
817
742
665
665
568
546
466
445
400
395
365
356
331
277
258
228
217
210
207
201
164
158
143
145
140
131
147
144
136
140
141
126
131
136
146
134
140
131
151
146
154
128
140
116
111
115
141
123
130
118
105
122
127
144
121
151
123
133
137
130
136
146
130
133
126
161
129
154
143
117
144
137
143
144
137
163
194
203
213
204
224
237
278
257
321
325
360
377
433
414
484
512
539
628
686
748
809
890
975
985
975
974
989
982
975
982
980
982
980
984
982
985
977
983
977
976
979
978
977
981
982
981
979
978
972
978
984
981
979
985
977
975
976
984
980
973
982
985
981
984
977
978
984
976
969
981
986
972
