296
582
665
1081
1113
845
664
726
809
822
811
657
625
624
687
646
544
597
562
553
470
517
505
525
485
560
435
442
466
453
469
414
387
412
381
382
351
354
351
362
318
366
308
329
302
285
327
295
339
244
300
309
255
316
230
273
265
255
260
254
251
235
263
230
248
258
264
199
219
214
208
240
248
209
225
198
210
210
204
212
208
225
209
197
183
157
160
183
169
155
142
170
144
151
148
160
162
151
175
160
170
157
142
168
155
154
160
150
147
142
141
160
157
181
186
157
171
163
160
161
175
167
186
175
193
196
190
174
166
186
195
218
262
211
256
278
241
268
259
272
291
277
294
304
284
295
288
333
275
336
336
317
400
356
363
380
395
350
358
412
389
388
419
397
423
378
437
452
488
424
465
526
489
508
585
568
556
628
616
612
611
646
678
710
698
674
680
641
704
775
864
791
820
818
777
877
1094
1135
740
627
