3271
6557
6542
6549
6548
6542
6531
6544
6557
6550
6535
6545
6544
6529
6544
6540
6526
6545
6548
6527
6542
6562
6530
6527
6547
6514
6532
6550
6549
6545
6555
6554
6547
6531
6543
6540
6551
6521
6557
6541
6549
6532
6546
6537
6531
6552
6530
6533
6551
6540
6536
6543
6550
6539
6551
6530
6557
6538
6548
6544
6542
6532
6546
6530
6544
6544
6534
6552
6560
6560
6543
6540
6538
6523
6554
6542
6536
6545
6558
6542
6571
6549
6537
6561
6547
6519
6537
6562
6551
6530
6565
6538
6548
6538
6520
6530
6555
6563
6551
6520
6514
6549
6565
6540
6526
6533
6327
6269
6205
6238
6007
5339
5296
5317
5411
4983
4874
4857
4878
4687
3962
3924
4048
4020
3779
3798
3726
3776
3720
3270
3279
3278
3238
2964
2954
2864
2877
2835
2556
2579
2586
2576
2431
2457
2459
2431
2357
2180
2179
2199
2165
1898
1714
1754
1789
1748
1722
1674
1706
1679
1405
1324
1313
1313
1351
1379
1453
1377
1389
1103
1014
1020
1017
1049
1103
1094
1101
1113
920
852
841
861
836
896
888
836
894
871
835
874
842
874
810
802
860
830
875
816
875
865
820
809
844
857
847
810
823
883
847
833
864
841
868
836
849
819
802
851
815
761
875
819
841
868
816
874
864
795
840
793
781
856
807
786
833
807
807
854
864
858
874
862
851
820
880
885
848
843
858
862
848
885
855
815
809
806
840
797
795
836
853
819
878
873
866
926
883
856
873
849
814
822
919
1171
1141
1081
1133
1045
1000
1058
1006
1089
1378
1349
1426
1375
1369
1334
1300
1328
1424
1710
1636
1754
1755
1782
1752
1761
1828
1930
2239
2229
2146
2148
2311
2411
2464
2344
2399
2528
2557
2509
2531
2860
2902
2903
2969
3073
3314
3251
3255
3248
3620
3725
3768
3797
3811
3961
3973
3903
3929
4647
4784
4848
4862
4978
5364
5338
5369
5367
6014
6220
6215
6236
6285
6557
6550
6540
6524
6541
6546
6550
6532
6540
6549
6547
6522
6539
6538
6562
6535
6533
6548
6535
6534
6547
6537
6536
6530
6555
6555
6556
6555
6551
6547
6540
6523
6534
6557
6536
6543
6536
6535
6544
6551
6545
6544
6535
6539
6540
6540
6556
6544
6536
6540
6543
6534
6545
6547
6546
6551
6545
6544
6547
6532
6533
6565
6556
6531
6534
6565
6547
6555
6542
6523
6534
6549
6547
6540
6539
6525
6540
6557
6562
6541
6536
6545
6524
6533
6534
6537
6540
6553
6547
6532
6559
6518
6544
6558
6543
6546
6545
6556
6541
6538
6538
6534
6523
6546
6548
