338
669
638
676
677
652
680
657
705
679
625
628
633
636
694
679
650
636
672
688
641
681
687
666
630
685
667
686
652
683
632
640
702
658
635
648
719
708
662
647
696
701
707
692
635
638
688
663
668
669
634
661
677
614
666
647
704
689
681
638
632
685
681
680
709
677
623
655
695
652
706
666
645
665
674
685
662
648
689
692
636
608
662
305
185
128
83
38
21
10
9
5
2
2
4
8
1
4
1
3
2
1
8
4
0
2
0
0
1
1
0
0
0
0
0
0
0
0
0
0
0
0
0
0
0
0
0
0
0
0
0
0
0
0
0
0
0
0
0
1
0
0
0
0
0
0
0
0
0
0
0
0
0
0
0
0
0
0
0
0
0
1
0
0
0
0
0
0
0
0
1
0
0
0
0
0
0
0
0
0
1
1
0
0
0
0
0
1
0
1
1
1
0
0
1
1
0
0
0
1
1
0
0
2
3
2
8
6
18
21
26
60
96
97
172
325
391
527
677
662
646
656
694
646
652
666
733
652
650
631
682
675
676
657
669
646
665
695
684
664
688
682
684
631
656
682
697
622
661
682
634
679
648
672
668
693
696
705
651
685
660
679
688
664
720
671
645
644
646
657
637
634
642
680
690
591
668
665
660
686
645
704
689
614
683
694
618
676
713
664
677
651
637
662
648
621
688
663
682
649
