283
588
667
1070
1067
771
713
761
799
776
786
712
648
623
683
675
589
571
555
490
494
511
506
511
499
486
438
417
458
461
437
413
374
387
390
403
360
349
388
336
351
366
294
353
309
261
340
242
339
250
274
353
258
283
259
257
230
256
262
218
255
255
229
233
221
227
249
199
249
217
230
262
214
228
237
221
216
218
217
185
187
218
191
181
185
163
173
163
169
163
169
130
156
166
153
148
178
135
156
163
167
157
159
178
165
170
171
131
161
153
136
192
160
180
166
162
189
188
171
181
184
170
174
177
182
195
183
199
175
171
202
224
243
240
315
272
253
252
300
301
328
288
308
326
279
265
330
316
298
343
348
290
424
347
377
359
390
347
403
390
392
409
405
402
416
475
449
437
438
474
486
512
542
513
545
569
625
596
622
616
540
632
663
682
649
701
711
678
746
780
885
811
892
816
790
850
1052
1170
686
612
