335
704
705
687
706
628
680
627
581
654
652
702
710
688
683
687
665
659
645
695
696
671
658
680
643
672
676
652
681
661
718
683
643
634
641
630
633
678
641
662
615
624
679
601
689
692
648
707
649
643
671
639
686
693
644
660
670
650
674
664
691
700
698
685
653
704
681
658
704
684
695
660
637
654
686
650
651
701
673
667
638
714
665
644
666
525
235
114
57
16
12
5
4
6
2
7
5
1
1
1
0
1
0
0
2
0
0
0
0
0
1
0
0
0
0
0
0
0
1
0
0
0
0
0
0
0
0
0
0
0
0
0
0
0
0
0
0
0
0
0
1
0
0
0
0
0
0
0
0
0
0
0
0
0
0
0
0
0
0
0
0
0
0
0
0
0
0
0
0
0
0
0
0
0
0
0
0
0
0
0
1
0
0
0
0
0
0
1
0
0
0
2
0
0
0
0
0
0
1
0
1
0
0
0
7
11
10
13
7
14
3
14
19
28
50
114
186
338
415
354
521
656
676
658
651
617
678
695
667
628
646
671
674
692
700
674
703
654
632
688
662
670
671
669
684
658
642
665
689
662
700
678
695
637
655
620
709
661
652
617
679
670
652
642
659
650
660
668
678
675
675
672
627
674
689
660
668
735
633
664
689
703
743
628
660
684
690
648
684
702
639
659
687
651
652
649
691
669
682
649
