3279
6538
6528
6539
6534
6523
6536
6535
6553
6558
6547
6510
6532
6544
6540
6559
6545
6511
6512
6553
6521
6547
6513
6542
6563
6547
6536
6550
6543
6546
6549
6542
6545
6537
6545
6507
6547
6539
6548
6526
6522
6542
6551
6533
6546
6514
6521
6531
6548
6538
6540
6555
6532
6528
6524
6543
6530
6544
6524
6539
6557
6526
6534
6520
6547
6533
6547
6526
6528
6531
6540
6538
6546
6557
6520
6495
6524
6526
6542
6530
6502
6537
6529
6556
6547
6547
6543
6540
6548
6516
6526
6509
6509
6553
6540
6546
6542
6537
6534
6520
6527
6527
6546
6550
6557
6556
6511
6547
6533
6542
6533
6548
6537
6545
6552
6556
6533
6548
6525
6540
6538
6548
6517
6543
5849
5664
5631
5655
5127
3801
3760
3781
3837
2835
2539
2497
2535
2337
1772
1816
1825
1777
1344
1209
1236
1247
1153
979
937
915
957
968
927
908
923
948
931
974
941
901
936
890
944
969
948
920
933
904
924
1013
933
931
919
896
930
936
959
919
964
905
950
959
912
952
921
981
904
976
927
905
912
959
902
890
853
860
859
889
901
882
936
901
920
909
807
908
909
841
853
872
897
903
876
865
921
916
882
905
888
854
848
879
795
882
889
934
984
948
813
824
832
832
871
883
963
880
908
866
854
887
887
929
912
840
860
893
962
904
899
901
942
825
875
912
896
906
896
879
908
887
979
942
922
983
945
970
943
946
918
969
916
891
907
922
928
922
944
970
954
948
964
961
926
950
926
916
1004
978
927
971
990
940
956
890
961
932
983
921
911
909
967
920
895
979
1172
1219
1254
1202
1324
1794
1722
1791
1766
2361
2559
2611
2486
2892
3767
3774
3813
3749
5183
5580
5636
5634
5879
6531
6543
6532
6541
6547
6530
6520
6550
6542
6544
6532
6529
6548
6557
6528
6530
6528
6549
6521
6515
6540
6545
6538
6527
6530
6533
6540
6545
6542
6550
6549
6525
6555
6547
6554
6537
6532
6531
6527
6525
6542
6528
6553
6534
6550
6539
6550
6559
6535
6538
6553
6537
6548
6522
6528
6515
6512
6537
6536
6521
6514
6545
6533
6555
6543
6541
6550
6537
6548
6534
6537
6534
6527
6556
6561
6555
6550
6555
6562
6544
6539
6541
6525
6563
6545
6546
6538
6542
6527
6552
6527
6524
6544
6528
6534
6527
6527
6536
6546
6535
6543
6560
6555
6551
6543
6540
6538
6525
6549
6535
6546
6518
6534
6546
6545
6542
6520
6528
6538
6537
6535
6533
6551
