289
609
622
1089
1076
832
719
745
828
818
833
687
657
594
683
682
623
598
634
528
467
486
504
498
510
493
457
458
503
465
395
398
366
377
360
401
343
355
372
321
324
409
309
336
297
307
303
309
354
219
304
288
237
275
250
287
269
237
261
240
249
268
229
220
226
232
238
178
217
219
226
211
198
228
214
239
229
244
208
222
223
197
224
157
173
158
182
171
175
160
163
155
174
135
135
143
169
165
153
169
161
157
154
150
145
182
160
142
123
157
145
147
166
157
172
170
178
163
173
190
167
153
153
159
150
191
200
202
177
183
199
203
249
229
266
265
266
248
267
275
293
307
296
308
340
291
326
340
325
375
335
324
384
339
354
372
374
317
388
388
397
395
415
413
399
404
450
417
504
482
451
510
450
532
562
558
570
614
665
613
560
665
611
677
665
676
666
670
696
793
855
807
882
764
768
875
1102
1108
693
609
