358
674
715
671
612
671
644
666
667
656
744
651
661
647
708
654
682
694
668
708
638
646
661
616
648
673
679
659
686
682
682
642
662
685
663
671
683
631
621
694
700
711
626
678
696
686
680
688
667
667
676
654
716
657
669
649
671
687
702
656
665
692
606
689
617
628
674
704
657
703
636
646
662
660
687
704
708
652
709
672
655
669
605
344
174
108
63
38
25
11
10
7
5
9
3
3
6
3
1
1
2
1
3
1
1
0
1
0
0
0
3
1
0
0
0
0
0
0
0
0
0
0
0
0
0
0
1
0
0
0
0
0
0
0
0
0
0
0
0
0
0
0
0
0
0
0
0
0
0
0
0
0
0
0
0
0
0
0
0
0
0
0
0
0
0
0
0
0
0
0
0
0
0
0
0
0
0
0
0
0
0
0
0
0
0
0
0
0
0
0
0
0
1
2
0
1
0
1
0
3
1
1
1
3
8
5
3
4
4
12
9
26
56
97
167
332
403
551
625
689
691
662
648
685
696
701
676
722
672
753
668
635
667
649
664
701
675
685
660
647
693
643
673
710
674
692
701
652
665
662
670
673
665
663
656
686
615
649
639
638
647
718
642
668
679
649
674
670
641
639
626
623
672
676
706
681
652
686
666
674
666
654
694
656
644
676
658
631
651
684
653
647
643
661
623
704
668
699
659
672
