3277
6561
6545
6544
6533
6554
6563
6541
6525
6548
6549
6553
6558
6547
6544
6537
6552
6558
6548
6551
6553
6547
6536
6551
6533
6552
6561
6540
6566
6561
6514
6538
6541
6548
6553
6534
6564
6549
6550
6540
6530
6535
6542
6544
6545
6550
6551
6557
6545
6538
6537
6542
6568
6541
6560
6525
6559
6529
6543
6534
6545
6550
6542
6551
6522
6545
6554
6566
6559
6537
6550
6519
6516
6565
6547
6561
6550
6537
6563
6539
6536
6538
6544
6552
6555
6549
6553
6554
6534
6537
6532
6531
6552
6539
6573
6547
6565
6538
6563
6546
6526
6448
6222
6214
6236
6245
5626
5325
5304
5393
5309
5097
5076
5061
5115
4721
4609
4627
4594
4431
3692
3755
3738
3774
3968
3989
3962
4012
3785
3079
3083
3068
3070
3140
3261
3265
3242
3119
2510
2535
2581
2508
2596
2589
2535
2580
2466
2312
2333
2340
2359
2082
1991
1915
1911
2003
1954
1866
1919
1851
1736
1700
1637
1671
1659
1578
1638
1630
1579
1248
1079
1149
1137
1220
1382
1398
1327
1399
1152
1055
1068
1018
1113
1182
1138
1151
1093
923
840
838
880
868
968
964
904
989
755
688
709
657
689
739
688
676
680
814
855
841
881
754
747
700
730
762
782
848
825
858
807
593
596
600
617
891
977
955
977
875
598
594
607
592
771
802
828
849
846
722
781
746
758
846
813
859
863
761
676
684
710
708
705
713
675
688
759
911
933
968
910
910
822
851
832
973
1167
1182
1158
1159
1034
1034
1035
1030
1135
1375
1425
1408
1384
1189
1179
1149
1120
1281
1592
1627
1552
1607
1694
1683
1764
1687
1740
1874
1914
1903
1885
1944
1998
1989
1951
2034
2312
2367
2326
2258
2441
2536
2562
2604
2496
2592
2503
2548
2526
3059
3272
3253
3281
3305
3123
3120
3078
3054
3786
4069
4007
3979
3892
3734
3870
3786
3796
4468
4608
4665
4650
4765
5066
5072
5095
5117
5351
5374
5434
5308
5576
6222
6254
6223
6208
6487
6556
6540
6541
6559
6523
6564
6552
6562
6565
6535
6525
6550
6540
6562
6561
6553
6556
6536
6533
6536
6536
6552
6550
6530
6569
6536
6519
6529
6524
6535
6540
6550
6556
6542
6528
6517
6538
6529
6545
6553
6553
6581
6551
6552
6542
6527
6526
6557
6547
6542
6523
6525
6547
6546
6547
6561
6549
6558
6547
6548
6540
6549
6547
6552
6558
6552
6553
6534
6547
6527
6522
6549
6539
6517
6534
6545
6550
6545
6553
6541
6545
6551
6552
6550
6555
6539
6531
6560
6550
6535
6551
6547
6534
6557
6541
6555
6568
6560
6555
6551
