312
553
661
1103
1081
826
687
785
814
838
818
690
633
627
700
664
594
619
537
501
488
459
521
532
546
495
432
413
451
446
423
393
401
374
371
362
378
340
360
357
327
402
341
317
295
293
334
292
348
232
276
275
242
286
263
274
235
227
293
232
231
254
220
237
237
223
245
226
250
217
225
208
237
215
223
202
197
217
189
221
228
210
204
172
173
176
172
169
174
161
162
155
140
131
145
149
149
129
160
148
153
150
165
155
145
147
152
154
164
144
136
142
141
155
187
165
168
173
165
166
196
192
189
167
181
172
172
169
191
197
190
206
239
240
250
266
255
292
286
281
330
293
318
296
287
296
306
335
314
334
346
327
405
359
353
328
364
349
377
406
365
452
398
395
418
431
420
440
473
458
440
493
524
493
540
563
577
570
593
637
596
640
657
688
693
716
688
631
771
744
858
746
906
831
753
886
1097
1108
667
586
