3276
6537
6549
6539
6563
6545
6529
6548
6531
6555
6544
6540
6536
6549
6539
6538
6544
6562
6561
6562
6553
6533
6533
6531
6533
6549
6556
6541
6556
6546
6543
6545
6546
6554
6542
6539
6540
6531
6533
6528
6542
6543
6554
6545
6556
6549
6549
6532
6535
6546
6536
6547
6555
6532
6538
6562
6535
6548
6563
6543
6556
6549
6535
6529
6533
6545
6554
6545
6541
6560
6528
6536
6518
6548
6531
6546
6530
6543
6540
6532
6515
6547
6560
6553
6556
6534
6545
6526
6536
6519
6538
6552
6536
6544
6542
6529
6560
6533
6538
6529
6518
6555
6539
6546
6542
6559
5896
5613
5648
5654
5477
4865
4792
4907
4824
4722
4608
4673
4642
4438
3998
3987
3985
4016
3694
3502
3651
3582
3458
3136
3126
3116
3157
3006
2964
2999
2960
2884
2540
2520
2551
2606
2283
2310
2308
2182
2242
2219
2179
2236
2219
1892
1891
1864
1929
1828
1808
1797
1853
1802
1614
1614
1529
1494
1469
1385
1418
1434
1336
1309
1284
1234
1222
1173
1150
1165
1149
1161
1048
1012
1045
1026
1036
970
1012
966
972
972
897
843
853
920
865
859
813
856
845
847
893
861
831
847
781
893
872
857
914
857
896
880
763
821
814
787
807
768
809
797
798
756
740
708
719
777
787
778
738
767
698
770
749
763
763
802
833
836
837
786
760
792
802
867
869
877
940
942
861
936
872
833
878
845
837
898
868
880
842
808
890
869
890
883
875
858
924
968
939
993
1044
1053
1055
1038
1019
1109
1150
1168
1137
1172
1304
1318
1275
1288
1360
1419
1470
1393
1573
1490
1506
1537
1604
1822
1770
1772
1751
1894
1902
1845
1875
1938
2210
2229
2182
2186
2268
2323
2314
2193
2353
2554
2491
2545
2549
2874
2906
2932
2975
2939
3090
3093
3106
3093
3456
3633
3602
3631
3664
3902
3967
3995
3919
4417
4553
4655
4584
4670
4873
4890
4859
4854
5425
5580
5664
5584
5869
6523
6531
6541
6532
6521
6560
6529
6527
6549
6556
6526
6536
6546
6545
6547
6558
6542
6550
6562
6567
6547
6531
6540
6532
6537
6555
6523
6535
6541
6529
6541
6548
6569
6550
6551
6541
6556
6547
6551
6544
6551
6541
6543
6534
6551
6545
6542
6562
6555
6535
6550
6538
6532
6556
6524
6554
6548
6550
6554
6561
6542
6542
6550
6559
6534
6539
6546
6545
6551
6545
6524
6535
6541
6539
6539
6553
6542
6540
6555
6535
6530
6569
6523
6566
6535
6552
6539
6539
6535
6557
6543
6563
6540
6547
6549
6537
6541
6541
6534
6542
6536
6564
6532
6535
6539
