3281
6546
6559
6538
6555
6550
6532
6545
6535
6555
6534
6550
6541
6531
6543
6550
6548
6560
6525
6552
6537
6541
6538
6534
6552
6534
6553
6558
6557
6558
6553
6552
6550
6559
6556
6533
6575
6558
6527
6553
6548
6537
6512
6549
6548
6548
6547
6537
6557
6542
6533
6535
6552
6546
6561
6539
6550
6537
6530
6530
6548
6544
6553
6544
6538
6538
6531
6541
6528
6555
6539
6545
6531
6541
6515
6538
6545
6530
6537
6525
6536
6553
6524
6530
6548
6564
6553
6542
6538
6569
6547
6541
6535
6533
6565
6544
6553
6540
6563
6551
6525
6383
5895
5934
5939
5858
5521
5354
5352
5385
5252
4884
4837
4834
4872
4401
4460
4427
4393
4260
3816
3804
3745
3773
3628
3658
3645
3601
3578
3213
3224
3221
3306
3016
2909
2993
3031
2969
2840
2820
2882
2806
2588
2534
2511
2467
2508
2311
2350
2250
2200
2267
2184
2138
2203
2206
2118
2056
2033
2057
1948
1895
1908
1855
1777
1544
1635
1650
1573
1609
1614
1575
1639
1573
1466
1479
1461
1458
1294
1267
1258
1279
1186
1064
1043
1124
1092
1095
1044
1057
1010
1012
828
845
892
858
885
908
829
849
802
680
714
675
691
672
723
649
690
662
650
652
671
636
684
639
652
667
689
592
594
602
642
592
610
666
609
631
583
598
613
567
665
697
627
722
654
654
654
689
660
710
740
708
691
653
713
721
736
649
863
884
795
844
846
854
842
815
803
1018
1057
1028
1028
1084
1078
1061
1085
1006
1220
1229
1223
1247
1331
1516
1514
1496
1465
1564
1610
1645
1662
1612
1557
1651
1589
1623
1791
1929
1817
1831
1852
2066
2125
2073
2078
2195
2164
2190
2169
2159
2356
2339
2295
2280
2474
2608
2536
2540
2619
2840
2825
2779
2797
2858
3007
2868
2946
2984
3141
3368
3262
3251
3472
3596
3590
3627
3661
3759
3764
3789
3809
4198
4373
4392
4434
4555
4868
4894
4850
4902
5275
5392
5349
5373
5502
5923
5924
5898
5923
6380
6546
6537
6559
6553
6552
6537
6532
6543
6528
6534
6546
6536
6553
6550
6536
6536
6541
6552
6550
6548
6533
6555
6537
6537
6549
6540
6528
6533
6545
6542
6530
6557
6545
6549
6563
6531
6557
6549
6545
6533
6563
6546
6520
6560
6511
6553
6543
6547
6545
6547
6536
6560
6535
6542
6544
6546
6551
6548
6555
6532
6532
6546
6550
6559
6552
6550
6547
6553
6549
6548
6538
6565
6539
6550
6562
6554
6543
6537
6545
6571
6557
6544
6538
6547
6547
6536
6550
6554
6558
6538
6550
6540
6552
6538
6542
6520
6563
6531
6546
6543
