360
654
704
650
692
653
677
706
593
671
675
688
671
690
651
651
668
660
640
663
636
668
666
611
631
680
679
637
642
629
692
646
661
654
655
654
652
676
636
660
665
657
682
650
659
664
690
648
668
653
612
694
722
629
657
671
652
600
689
658
644
665
642
607
728
687
712
661
685
638
664
646
667
680
697
701
661
718
684
680
556
403
429
309
166
117
52
27
14
21
5
5
11
17
4
12
2
5
1
1
2
1
1
1
0
2
0
0
0
1
1
0
0
0
0
0
0
0
0
1
0
0
0
0
0
0
0
0
0
0
0
0
0
0
0
0
0
0
0
0
0
0
0
0
0
0
0
0
0
0
0
1
0
0
0
0
0
0
0
0
0
0
0
0
0
1
0
0
0
0
0
0
0
0
0
0
0
0
0
0
0
2
0
0
0
0
0
0
0
0
0
0
1
0
0
0
0
0
1
1
0
1
1
0
0
6
8
7
9
4
15
24
58
109
191
536
652
659
707
709
653
646
691
672
681
641
644
606
624
675
625
680
669
707
648
658
652
664
656
665
623
663
614
665
667
633
686
683
655
686
637
658
700
644
680
697
661
667
701
612
697
631
697
661
678
642
634
693
680
648
706
688
666
654
664
680
641
680
666
716
681
666
696
711
664
686
688
651
658
649
669
654
656
639
641
667
713
663
683
696
