334
629
694
652
652
683
714
670
637
650
648
645
652
688
677
673
668
664
679
713
684
627
658
702
677
667
662
688
686
715
621
637
679
656
658
664
698
644
693
667
635
654
674
642
676
709
672
693
672
665
687
685
680
680
666
649
651
643
670
682
681
647
691
624
667
649
686
611
670
671
657
645
667
679
663
660
665
737
673
640
654
638
586
332
241
281
149
89
56
46
23
13
3
6
3
6
7
7
4
3
4
3
0
1
0
0
0
1
2
0
0
0
0
1
1
0
0
0
0
0
0
0
0
0
1
0
0
0
0
0
0
0
0
0
0
0
0
0
0
0
0
1
0
0
0
0
0
0
0
0
0
0
0
0
0
0
0
0
0
0
0
0
0
0
0
0
0
0
0
0
0
0
0
0
0
0
0
0
0
1
0
0
0
0
1
1
2
1
1
0
1
0
0
0
1
0
0
3
1
1
3
0
1
3
3
2
4
11
11
17
29
45
33
36
82
216
267
255
348
409
499
682
645
684
614
666
608
643
641
633
710
685
699
672
674
667
680
710
643
632
699
651
698
693
710
693
637
714
661
651
639
682
659
713
662
692
665
681
683
660
685
703
668
632
683
658
640
666
674
698
609
649
666
635
636
688
652
610
671
637
677
691
690
667
687
711
668
682
679
670
663
685
705
680
689
658
674
656
646
671
