270
576
705
1085
1075
868
717
691
808
847
825
670
638
674
671
601
550
619
605
528
478
514
544
520
543
505
438
430
467
461
439
425
431
378
419
387
389
358
334
400
351
359
320
328
310
301
329
287
341
227
306
301
239
275
264
267
248
211
280
259
284
259
251
241
227
230
279
206
218
208
230
241
237
234
223
217
202
222
203
231
222
199
195
163
171
154
156
146
185
152
149
180
167
143
144
138
139
167
162
180
161
177
146
145
144
164
169
128
142
151
157
163
153
146
176
204
152
162
177
183
175
164
177
148
172
208
168
186
189
214
207
198
246
209
274
251
300
289
296
274
297
285
319
292
267
327
315
300
297
358
357
299
377
380
347
342
357
376
366
390
384
415
372
419
418
395
443
428
453
461
459
492
478
488
539
534
593
541
620
580
559
652
661
699
651
719
722
615
754
788
870
815
877
835
779
874
1069
1106
733
632
