344
649
665
682
710
711
629
677
663
673
684
684
703
656
676
653
690
683
653
658
701
683
697
631
695
652
667
684
663
645
680
644
647
631
676
653
652
636
690
661
680
659
664
653
653
649
675
648
654
674
668
666
659
692
655
617
637
681
648
682
621
643
651
663
677
599
687
655
660
624
707
665
676
657
660
653
677
650
672
637
651
691
673
537
437
324
143
57
46
24
10
7
5
6
6
9
6
8
0
6
10
4
2
2
2
4
1
1
1
2
1
2
0
0
0
0
3
0
0
0
0
1
0
0
0
0
0
0
0
0
0
0
0
0
0
0
0
0
0
0
1
0
0
0
0
0
0
0
0
0
0
0
0
0
0
0
0
0
0
0
0
0
0
0
0
0
0
0
0
0
0
0
0
1
0
0
0
0
0
0
0
0
0
0
0
0
0
0
0
1
0
0
2
1
4
0
1
2
4
0
3
5
3
2
12
22
8
9
11
30
30
64
39
101
151
196
242
314
588
640
654
639
683
689
676
701
643
686
667
690
654
706
667
658
680
672
662
636
672
676
638
655
624
699
621
712
649
682
667
698
674
658
694
661
679
648
717
653
640
702
674
694
698
667
663
686
696
667
664
689
697
654
671
634
677
665
656
634
666
731
683
622
697
581
643
649
682
690
671
653
660
659
662
635
649
680
712
692
681
653
