343
631
680
669
669
629
651
715
678
628
718
671
662
677
669
675
619
640
645
638
634
681
605
640
701
661
685
663
667
691
659
688
635
663
644
641
645
639
712
681
666
657
639
636
646
662
722
665
629
658
717
645
701
700
662
644
658
682
692
669
698
637
644
666
681
613
637
679
669
639
619
720
633
687
731
634
682
668
641
675
679
655
676
527
408
342
171
119
52
25
5
4
3
8
2
5
6
2
0
1
0
2
0
1
0
0
0
1
0
0
0
0
0
0
1
0
0
0
0
0
0
0
0
0
0
1
0
0
0
0
0
0
0
0
0
0
0
0
0
0
0
0
0
0
1
0
0
0
0
0
1
0
0
0
0
0
0
0
0
0
0
0
0
0
0
0
1
0
0
0
0
0
0
0
0
0
0
0
0
0
0
0
0
0
0
0
1
0
1
0
1
0
0
0
1
1
0
2
0
0
1
5
1
2
4
3
2
9
3
7
6
6
23
23
56
126
154
323
560
667
690
677
677
693
640
656
676
615
656
691
670
668
687
683
644
694
672
675
701
643
699
692
676
624
677
697
648
686
677
638
651
664
662
653
632
642
691
689
676
693
656
713
712
678
651
652
629
648
693
664
685
638
649
701
696
655
661
673
676
674
669
624
679
697
705
644
666
689
715
631
712
664
673
666
617
670
668
650
659
678
