3272
6531
6526
6562
6542
6542
6550
6548
6540
6552
6532
6556
6559
6540
6557
6533
6544
6526
6516
6552
6546
6555
6549
6548
6559
6539
6558
6539
6541
6547
6549
6553
6539
6549
6530
6547
6548
6551
6567
6552
6541
6542
6540
6533
6529
6552
6526
6546
6546
6566
6542
6520
6558
6554
6556
6555
6549
6560
6547
6566
6544
6532
6540
6545
6544
6557
6554
6542
6544
6534
6534
6549
6547
6557
6553
6555
6537
6546
6543
6530
6538
6548
6536
6545
6530
6544
6553
6553
6544
6558
6560
6546
6560
6530
6551
6558
6539
6323
6171
6205
6264
6144
5884
5932
5938
5920
5254
5092
5108
5135
5047
4883
4887
4873
4812
4676
4549
4627
4659
4393
3959
3951
3988
3989
3977
3949
3949
3931
3856
3447
3407
3442
3398
3258
3065
3111
3139
3122
2915
2922
2959
3009
2715
2568
2552
2500
2427
2187
2154
2142
2124
2240
2213
2207
2151
2154
2077
2081
2102
2141
1862
1817
1807
1773
1724
1768
1798
1770
1841
1563
1496
1502
1467
1437
1304
1308
1349
1306
1360
1343
1335
1300
1303
1288
1287
1292
1315
1069
1004
980
1011
1035
1061
1048
1032
1014
841
813
820
789
818
882
879
911
928
726
732
732
708
707
699
652
719
678
642
655
630
600
627
484
474
473
467
537
612
618
631
578
471
434
437
478
629
676
625
612
608
642
632
657
627
764
699
692
704
733
883
914
902
923
823
811
808
865
881
1039
985
1046
1038
962
1006
978
947
1013
1281
1267
1241
1295
1252
1326
1365
1327
1340
1309
1333
1352
1356
1418
1499
1483
1494
1610
1778
1741
1827
1823
1797
1765
1761
1736
1926
2114
2094
2101
2127
2176
2172
2217
2177
2196
2200
2189
2209
2184
2408
2563
2524
2586
2689
2981
2934
2976
2974
3022
3136
3052
3087
3247
3422
3431
3435
3493
3880
3925
3943
4061
4002
4039
3983
3985
3982
4445
4570
4629
4650
4637
4881
4894
4864
4898
5032
5047
5090
5124
5293
5904
5972
5904
5921
6113
6215
6243
6235
6314
6556
6548
6566
6517
6550
6551
6539
6569
6560
6548
6538
6552
6556
6544
6546
6547
6548
6536
6550
6545
6542
6554
6543
6562
6548
6544
6555
6557
6548
6533
6559
6548
6537
6544
6535
6554
6532
6542
6556
6543
6547
6549
6555
6534
6574
6546
6558
6558
6533
6531
6529
6524
6543
6541
6541
6536
6547
6544
6549
6552
6544
6550
6555
6534
6526
6565
6546
6552
6552
6532
6541
6564
6538
6551
6552
6537
6544
6559
6561
6531
6549
6545
6542
6541
6555
6546
6550
6528
6531
6552
6525
6534
6555
6559
6554
6553
