327
671
691
637
695
707
655
665
616
653
674
667
660
698
635
629
694
664
677
629
673
711
669
630
675
676
704
640
656
687
655
627
628
627
676
672
659
688
698
667
657
684
698
631
653
640
669
670
681
653
680
645
693
656
681
645
647
712
667
677
668
671
609
673
604
700
663
642
655
633
703
686
646
683
682
656
645
673
654
745
420
390
367
232
269
177
77
45
27
15
15
7
4
12
1
7
3
3
0
2
1
3
3
0
3
0
3
1
1
2
1
1
0
0
1
0
0
0
0
0
0
1
0
0
0
0
0
0
0
0
0
0
0
0
0
0
0
0
0
0
0
0
0
0
0
0
0
0
0
0
0
0
0
0
0
0
0
0
0
0
0
0
0
0
0
0
0
0
0
0
0
0
0
1
0
0
0
1
0
0
0
1
0
1
0
0
1
1
0
0
0
0
0
0
0
0
0
0
2
0
0
1
0
2
1
6
3
14
12
10
19
35
56
83
87
178
241
345
406
416
433
680
674
661
694
670
670
642
665
644
689
681
673
682
720
695
639
656
650
669
619
659
656
657
656
645
644
673
648
648
698
691
653
647
635
714
655
651
634
637
657
703
683
625
666
661
658
671
654
712
612
637
661
682
712
644
637
701
648
646
654
657
665
688
663
617
674
655
620
657
687
674
642
695
701
648
704
647
699
658
