3259
6528
6542
6528
6550
6537
6562
6543
6543
6550
6553
6541
6548
6551
6537
6551
6529
6550
6552
6540
6526
6545
6551
6558
6556
6552
6532
6554
6538
6561
6558
6543
6542
6536
6552
6551
6558
6540
6545
6559
6532
6538
6549
6568
6530
6536
6531
6551
6543
6559
6539
6556
6541
6542
6542
6540
6538
6540
6553
6521
6546
6553
6546
6555
6543
6548
6525
6542
6557
6534
6550
6532
6545
6552
6529
6560
6543
6545
6557
6558
6542
6577
6557
6533
6551
6548
6542
6545
6552
6525
6548
6550
6551
6551
6566
6529
6551
6568
6547
6543
6553
6376
5945
5905
5953
5939
5747
5657
5659
5619
5514
5154
5041
5106
5019
4584
4360
4402
4372
4304
4209
4185
4207
4104
3858
3780
3821
3761
3652
3284
3235
3267
3181
3150
3099
3046
3113
3077
2878
2853
2922
2793
2526
2475
2439
2436
2413
2547
2555
2587
2505
2077
1990
2010
2001
1932
2005
1957
1956
2016
1856
1757
1841
1823
1797
1534
1589
1516
1561
1588
1549
1532
1544
1530
1490
1442
1529
1492
1238
1206
1210
1241
1131
1148
1149
1069
1063
983
1065
1042
1038
1038
848
841
872
837
923
920
953
920
946
788
739
756
811
706
657
654
640
709
717
686
735
785
666
614
606
647
635
572
546
561
488
634
696
706
720
687
522
579
544
539
582
627
616
621
655
725
705
756
718
665
702
667
652
699
771
771
771
777
916
927
856
926
975
792
876
866
849
958
1065
1069
1043
1068
1074
1090
1083
1084
1169
1206
1215
1210
1319
1525
1466
1471
1435
1557
1479
1517
1529
1550
1529
1500
1580
1520
1712
1788
1848
1752
1801
1985
1958
1973
1974
1957
1982
1884
2014
2172
2619
2517
2555
2508
2417
2398
2369
2488
2507
2715
2841
2697
2883
3049
3138
3092
3126
3104
3129
3257
3255
3216
3669
3848
3811
3747
3883
4155
4184
4167
4201
4282
4342
4307
4322
4559
5090
5118
5134
5145
5576
5602
5667
5720
5737
5910
5923
5912
5962
6376
6547
6562
6538
6543
6561
6562
6567
6552
6555
6533
6560
6535
6545
6546
6547
6557
6553
6530
6545
6539
6543
6555
6533
6545
6561
6557
6562
6539
6568
6550
6568
6554
6515
6555
6556
6538
6559
6564
6534
6549
6555
6534
6533
6558
6549
6561
6539
6543
6553
6548
6547
6564
6523
6537
6546
6532
6526
6554
6549
6570
6555
6559
6564
6550
6553
6552
6561
6551
6540
6542
6534
6538
6551
6557
6543
6543
6545
6547
6540
6564
6547
6538
6539
6548
6548
6540
6522
6546
6536
6551
6539
6563
6551
6535
6533
6544
6549
6567
6555
6547
