333
659
695
614
621
678
667
649
671
727
649
652
689
703
654
645
666
665
690
688
650
695
669
685
660
685
706
685
689
709
665
637
691
675
667
665
636
698
658
632
681
685
680
673
694
654
684
649
698
687
666
665
632
621
694
689
682
644
672
640
678
643
682
687
677
655
661
624
653
682
685
673
614
646
667
672
641
639
694
695
651
624
588
295
237
190
81
32
37
30
18
8
7
9
4
4
2
3
1
2
0
0
0
0
0
1
0
0
0
1
0
0
0
0
0
0
0
0
0
0
0
0
0
0
0
0
0
0
0
0
0
0
0
0
0
0
0
0
0
0
0
0
0
0
0
0
0
0
0
0
0
0
0
0
0
0
0
0
0
0
0
1
0
0
0
0
0
0
0
0
0
0
0
0
0
1
0
1
0
0
0
0
0
0
0
0
0
0
0
0
0
0
1
1
0
0
0
0
0
0
0
1
1
2
1
8
0
6
1
6
19
40
83
168
351
699
679
651
622
663
619
660
675
633
660
668
645
680
685
686
656
671
673
644
639
650
698
693
673
676
717
685
696
685
664
677
660
661
669
709
685
625
608
696
671
628
648
672
674
621
678
686
656
673
657
638
678
681
647
667
668
674
648
641
646
639
679
700
660
689
646
688
660
665
667
688
649
658
664
685
698
637
659
654
673
668
660
654
677
657
