320
644
693
645
678
650
680
651
740
717
679
690
651
695
631
682
653
686
615
661
667
695
634
677
635
645
628
656
676
629
696
629
640
615
652
642
650
682
629
690
639
652
691
677
685
699
687
679
637
648
615
692
678
684
668
665
658
653
651
677
668
662
668
662
668
690
668
650
656
662
695
693
625
673
634
702
643
680
643
658
351
254
245
191
133
130
61
34
18
14
3
6
5
6
0
4
1
0
1
0
0
1
6
1
1
0
0
0
0
0
1
0
1
2
1
0
1
1
0
0
0
0
0
0
0
0
0
0
0
0
0
0
0
0
0
1
0
0
0
0
0
0
0
0
0
0
0
0
0
0
0
0
0
0
1
0
0
0
0
0
0
0
0
0
0
0
0
0
0
0
0
0
0
0
1
0
0
0
0
0
0
0
0
0
0
0
0
1
0
1
1
0
1
1
1
0
0
1
2
0
2
1
0
0
4
5
1
1
4
7
8
8
25
37
73
137
156
188
256
230
374
685
638
659
738
615
675
634
681
638
703
648
652
645
711
683
681
635
638
690
661
715
674
678
717
611
666
658
607
662
706
672
637
654
679
643
739
684
661
649
637
671
657
671
690
686
683
628
599
764
625
704
658
708
653
637
651
716
661
690
659
678
695
663
655
672
641
636
685
636
706
670
664
686
611
673
660
647
635
648
