3270
6527
6563
6547
6545
6558
6533
6546
6546
6547
6555
6536
6539
6556
6525
6545
6541
6547
6548
6536
6524
6539
6536
6534
6545
6541
6538
6535
6543
6556
6536
6551
6548
6555
6528
6530
6551
6519
6547
6553
6563
6534
6537
6536
6536
6516
6570
6533
6555
6517
6547
6522
6510
6544
6540
6538
6550
6557
6540
6540
6548
6527
6555
6523
6542
6552
6552
6547
6545
6549
6549
6544
6547
6552
6536
6553
6568
6542
6547
6532
6531
6548
6544
6544
6529
6552
6528
6544
6547
6541
6549
6518
6527
6560
6533
6513
6546
6534
6549
6551
6547
6544
6537
6554
6518
6528
6557
6551
6540
6527
6296
5618
5594
5637
5626
5085
4902
4883
4838
4663
4222
4111
4172
4159
3908
3821
3736
3758
3686
3281
3247
3304
3291
2998
2947
2992
2918
2745
2508
2382
2445
2385
2422
2370
2359
2387
2268
2155
2011
2096
2094
1841
1853
1806
1800
1756
1466
1455
1442
1436
1357
1278
1231
1260
1182
1057
1086
1142
1072
1025
1005
936
972
929
817
826
786
844
808
839
865
842
845
872
855
901
876
922
909
869
880
891
834
857
837
846
903
912
900
925
936
949
928
924
942
887
919
965
977
920
918
894
920
912
832
835
798
802
816
790
789
845
774
901
920
919
940
953
792
802
836
763
757
805
785
798
791
916
914
897
863
936
943
999
997
919
925
906
940
918
926
889
911
916
856
822
900
864
829
864
892
903
842
896
913
920
912
954
892
838
834
860
865
855
820
775
776
954
1006
956
978
969
1108
1073
1130
1058
1208
1273
1320
1315
1297
1486
1471
1444
1426
1717
1812
1812
1785
1851
2086
2061
2076
2041
2313
2420
2455
2419
2463
2414
2479
2439
2422
2738
2951
2927
2893
2998
3243
3196
3159
3248
3705
3748
3743
3771
3844
4238
4213
4157
4149
4702
4835
4840
4822
5017
5601
5628
5685
5602
6327
6533
6541
6555
6549
6552
6531
6531
6537
6544
6538
6526
6554
6553
6535
6552
6540
6530
6538
6527
6522
6546
6541
6534
6544
6552
6556
6529
6545
6546
6538
6531
6537
6523
6544
6554
6528
6550
6532
6545
6515
6551
6556
6563
6520
6548
6563
6524
6559
6549
6548
6530
6535
6551
6529
6554
6529
6548
6560
6534
6524
6542
6531
6547
6551
6529
6536
6534
6545
6547
6547
6548
6544
6535
6546
6550
6549
6539
6526
6548
6533
6548
6532
6527
6520
6532
6554
6568
6540
6537
6543
6545
6555
6535
6551
6558
6544
6529
6545
6529
6542
6548
6529
6542
6547
6568
6533
6529
6556
6545
