343
676
666
639
683
669
684
620
682
686
657
688
703
682
703
714
662
671
637
646
675
687
699
661
657
699
646
629
648
722
687
702
653
686
638
675
689
711
665
659
649
662
660
693
656
662
653
643
615
676
668
637
653
681
714
683
679
680
642
661
668
657
671
641
619
647
720
664
647
623
704
658
650
663
686
674
666
670
639
628
618
668
695
545
395
327
163
100
58
33
10
4
8
6
0
3
0
1
0
0
1
3
2
3
0
0
0
0
0
0
1
0
0
1
1
1
0
0
0
0
0
0
0
1
0
0
0
0
0
0
0
1
0
0
0
0
0
0
0
0
0
0
0
0
0
0
0
0
0
0
0
0
0
0
0
0
0
0
0
0
0
0
0
0
0
0
0
0
0
0
0
0
0
0
1
0
0
0
0
0
0
0
0
0
0
0
0
0
0
0
0
0
0
0
0
1
0
1
3
2
1
5
0
1
4
6
1
2
6
8
13
22
15
42
55
131
138
170
377
411
505
663
681
679
648
722
663
647
667
687
661
663
632
663
660
673
663
633
674
657
651
730
662
652
681
695
706
701
686
684
719
669
671
649
656
660
713
653
661
669
655
656
639
706
657
667
686
698
648
642
650
654
675
727
646
670
656
675
619
628
711
675
678
710
659
679
647
640
679
616
684
700
676
674
652
652
632
687
651
622
