492
982
978
981
977
987
972
987
975
980
985
988
982
983
977
984
984
980
983
976
981
977
987
980
986
984
985
983
983
983
985
989
980
975
992
980
981
977
987
984
983
989
979
981
987
962
923
895
838
793
756
691
677
612
572
611
618
530
511
465
464
411
426
374
374
340
309
312
303
275
255
250
244
253
210
203
215
178
189
172
145
151
141
135
126
113
125
121
134
128
120
121
121
135
115
107
124
112
128
112
114
108
122
119
128
116
143
128
136
123
111
108
120
138
105
121
144
118
132
130
155
152
172
210
219
196
214
230
259
288
253
283
278
308
337
370
364
393
380
462
451
489
527
565
602
582
591
638
645
728
773
814
838
879
937
960
978
986
984
981
978
980
981
986
979
979
982
984
976
982
987
983
987
979
987
978
969
984
986
981
982
973
985
983
974
984
983
983
979
981
986
984
982
984
979
975
987
977
979
978
