3263
6535
6532
6560
6571
6527
6534
6530
6560
6539
6540
6549
6547
6539
6555
6533
6543
6529
6548
6549
6557
6526
6556
6548
6549
6537
6539
6537
6541
6550
6538
6545
6559
6539
6553
6536
6532
6530
6534
6525
6536
6555
6552
6534
6533
6565
6564
6538
6543
6547
6560
6518
6540
6549
6547
6544
6545
6543
6552
6541
6545
6530
6565
6552
6554
6554
6547
6523
6551
6553
6555
6530
6554
6535
6538
6527
6523
6525
6565
6533
6531
6539
6545
6541
6542
6537
6518
6535
6530
6543
6556
6563
6542
6543
6562
6543
6548
6546
6547
6549
6556
6547
6550
6552
6533
6536
5850
5640
5653
5629
5407
4884
4903
4770
4825
4660
4619
4568
4611
4399
3936
3943
3938
3992
3691
3594
3594
3617
3564
3116
3046
3225
3100
2989
2989
2955
2888
2903
2568
2606
2514
2510
2310
2321
2328
2264
2292
2245
2181
2145
2142
1956
1935
1871
1877
1834
1773
1824
1765
1810
1599
1535
1514
1549
1494
1433
1345
1375
1424
1349
1232
1270
1282
1283
1118
1125
1181
1126
1095
1045
1019
1036
992
948
892
952
905
897
910
886
909
842
819
844
849
849
828
863
831
840
852
906
871
855
829
884
896
924
883
885
779
803
763
779
772
843
806
816
787
717
719
726
755
810
724
761
784
735
732
753
757
772
819
823
780
771
837
766
717
747
802
870
909
923
877
878
791
850
869
824
886
927
838
833
866
848
852
778
861
883
928
881
827
911
931
948
901
940
963
1009
1027
1002
1070
1183
1135
1106
1085
1295
1317
1269
1256
1259
1385
1324
1397
1397
1493
1570
1584
1507
1704
1840
1791
1738
1812
1888
1868
1824
1877
1967
2180
2166
2148
2171
2311
2357
2317
2276
2340
2505
2579
2550
2542
2803
2984
2925
2967
3001
3119
3082
3116
3146
3536
3526
3551
3713
3676
3945
3935
4019
4037
4488
4584
4587
4579
4671
4865
4901
4798
4867
5405
5593
5611
5683
5835
6551
6541
6547
6539
6550
6523
6552
6540
6541
6539
6544
6545
6543
6549
6545
6538
6544
6550
6526
6544
6551
6533
6525
6505
6534
6541
6548
6563
6523
6521
6547
6525
6538
6555
6533
6534
6567
6542
6559
6533
6561
6549
6549
6518
6547
6553
6563
6538
6535
6554
6543
6539
6559
6537
6541
6562
6554
6558
6545
6532
6531
6563
6547
6553
6533
6545
6528
6538
6557
6548
6549
6541
6540
6535
6540
6558
6557
6535
6556
6540
6544
6542
6555
6556
6527
6547
6540
6539
6561
6540
6536
6546
6538
6525
6543
6549
6539
6520
6530
6553
6544
6535
6555
6541
6540
