343
651
683
689
666
657
636
700
659
686
672
621
647
697
659
666
663
690
700
711
657
683
666
630
686
701
676
655
673
699
635
654
678
677
690
697
625
673
731
666
639
670
659
691
687
669
649
642
649
663
646
687
642
694
714
642
673
680
693
647
628
664
676
667
727
699
652
676
649
684
643
660
653
677
646
675
668
663
688
523
334
232
217
187
137
147
71
38
31
30
8
12
7
7
5
5
1
1
1
1
0
0
1
2
1
0
0
2
0
0
1
1
0
0
0
1
0
0
0
0
0
0
0
0
0
1
0
0
1
0
0
0
0
0
0
0
0
0
0
0
0
0
0
0
0
0
0
0
0
0
0
0
0
0
0
0
0
0
0
0
0
0
0
0
0
0
0
0
0
0
0
2
0
0
0
1
0
0
0
1
0
0
0
1
0
1
0
0
0
0
0
0
0
0
0
0
1
1
0
0
0
1
1
0
1
2
1
4
6
7
28
52
68
102
148
335
400
392
447
700
678
637
626
637
661
679
671
680
632
654
647
695
671
651
640
665
695
673
698
630
691
641
671
677
662
634
667
692
622
639
688
651
643
692
647
651
694
694
623
652
645
646
687
652
649
644
706
630
675
637
595
674
683
654
637
632
683
672
680
666
680
658
688
643
640
664
707
671
672
651
676
671
698
640
707
670
608
691
646
642
