355
679
643
633
688
688
705
671
668
614
686
655
688
658
692
649
659
651
663
645
622
705
715
670
715
664
671
655
702
648
667
666
663
675
729
653
618
700
660
654
656
676
640
669
634
657
651
625
678
665
668
666
666
654
630
663
690
635
652
665
658
685
684
677
688
670
719
708
671
665
610
690
679
679
685
639
639
674
676
702
540
411
388
296
175
121
50
37
17
15
6
6
10
10
9
11
1
3
0
2
0
1
1
1
1
0
0
0
0
1
0
0
0
1
1
1
0
0
0
0
0
0
0
0
0
0
0
0
0
0
0
0
0
0
1
1
0
0
0
0
0
0
0
0
0
0
0
0
0
0
0
0
0
0
0
0
0
0
0
0
0
0
0
1
0
0
0
0
0
0
0
0
0
0
0
0
0
0
0
0
0
0
0
0
0
1
0
0
0
0
0
1
0
1
1
0
0
0
0
0
0
0
1
3
2
2
1
7
4
8
13
26
55
97
231
563
674
610
630
648
654
698
630
661
650
686
656
665
693
666
696
644
681
653
670
668
697
699
674
659
632
640
683
693
692
672
641
690
682
696
634
718
700
634
693
653
657
662
655
676
666
643
654
670
704
667
709
702
668
615
685
659
619
715
699
686
646
660
658
651
666
663
679
630
704
648
650
632
653
728
662
679
665
645
665
628
695
693
680
631
