339
663
694
666
642
613
648
684
640
642
699
684
672
728
625
697
686
680
683
647
625
689
663
650
697
658
646
688
684
666
666
650
654
620
684
734
647
640
647
648
681
678
693
653
661
653
671
674
694
662
670
686
637
703
656
675
669
678
665
625
670
632
713
652
705
682
646
626
675
672
660
640
646
631
665
657
722
651
664
648
693
691
575
349
242
187
91
35
23
34
15
13
16
8
2
3
1
4
0
1
0
0
0
2
0
0
0
2
0
0
0
0
0
0
0
0
0
0
0
0
0
0
0
0
0
0
0
0
0
0
0
0
0
0
0
0
0
0
0
0
0
1
0
0
0
0
0
0
0
0
0
0
0
0
0
0
0
0
0
0
0
0
0
0
0
0
0
0
0
0
0
0
0
0
0
0
0
0
0
0
0
0
1
0
0
0
0
0
0
0
0
0
0
0
0
0
0
0
1
1
0
0
0
0
1
3
3
4
3
7
16
47
95
148
387
655
660
626
656
694
711
629
654
664
639
683
666
632
690
705
660
654
698
640
697
662
699
666
662
711
665
666
642
642
683
653
673
629
759
674
689
618
697
701
679
648
671
633
641
627
617
666
612
692
665
656
670
664
610
662
648
714
680
660
687
650
655
694
677
647
720
661
664
677
667
653
651
636
701
644
680
668
662
658
710
655
677
678
634
648
