3280
6541
6538
6533
6555
6555
6534
6519
6553
6519
6546
6550
6523
6528
6547
6535
6536
6529
6550
6538
6524
6543
6524
6553
6542
6537
6544
6511
6528
6529
6530
6533
6528
6535
6536
6537
6561
6527
6537
6528
6514
6521
6516
6553
6540
6502
6543
6524
6534
6533
6545
6536
6539
6556
6518
6524
6555
6525
6544
6541
6531
6541
6545
6534
6517
6531
6545
6520
6525
6536
6528
6560
6519
6535
6536
6538
6544
6523
6530
6510
6532
6511
6551
6545
6522
6528
6532
6547
6524
6532
6524
6521
6537
6545
6540
6541
6538
6533
6545
6522
6534
6536
6530
6531
6528
6528
6527
6520
6530
6524
6558
6542
6542
6543
6547
6535
6533
6551
6528
6527
6524
6533
6540
6536
6533
6538
6549
6546
6523
6540
6539
6525
6529
6533
6539
6553
6517
5136
871
980
947
931
958
959
878
986
947
899
897
954
917
931
965
906
946
926
967
924
949
1002
928
914
937
1012
930
915
952
912
965
885
943
915
895
921
905
944
912
936
972
948
918
888
867
952
954
922
935
940
917
927
940
918
956
930
897
925
932
912
935
873
919
968
946
974
944
929
932
937
930
1004
921
928
949
971
904
940
889
894
914
923
959
926
931
1007
931
956
954
944
914
944
879
913
941
931
974
941
972
931
889
1011
924
959
922
969
953
962
934
981
994
959
911
920
937
884
947
936
965
910
925
927
903
908
938
931
937
917
956
932
880
928
922
935
920
943
941
924
926
975
958
940
987
926
925
957
945
982
931
943
951
935
956
907
970
975
951
884
937
934
947
929
903
909
986
922
995
928
923
874
920
1010
933
943
987
5121
6541
6543
6538
6538
6531
6539
6539
6557
6526
6535
6540
6536
6532
6542
6523
6540
6538
6523
6543
6557
6522
6528
6537
6532
6549
6554
6532
6538
6552
6542
6532
6548
6529
6544
6527
6531
6535
6546
6546
6520
6527
6537
6542
6545
6548
6527
6527
6539
6529
6561
6520
6525
6538
6542
6518
6524
6541
6525
6516
6519
6557
6517
6546
6543
6536
6535
6545
6536
6517
6527
6540
6542
6523
6530
6520
6538
6527
6524
6538
6513
6562
6525
6540
6547
6551
6512
6524
6539
6537
6526
6527
6530
6526
6530
6543
6514
6524
6533
6540
6530
6529
6540
6522
6519
6533
6530
6519
6529
6542
6554
6553
6532
6549
6538
6537
6536
6529
6527
6548
6523
6548
6539
6543
6539
6521
6539
6541
6525
6537
6547
6538
6533
6549
6535
6531
6540
