610
1115
1216
1842
2066
1470
1164
1006
1010
990
1118
1183
947
902
882
929
849
802
760
611
610
609
510
597
600
611
519
557
531
476
417
394
419
423
416
351
368
319
353
374
356
445
341
339
322
351
260
238
269
249
310
288
228
258
271
268
239
298
271
213
208
238
220
235
243
250
287
236
300
298
308
267
257
225
222
215
200
209
190
188
189
205
189
162
202
158
173
164
161
150
165
187
153
142
144
125
141
142
158
182
173
192
171
161
150
162
161
148
137
152
159
159
151
146
165
176
191
188
221
193
195
166
171
179
193
212
214
220
278
225
211
218
254
243
254
274
295
301
348
361
331
353
338
337
347
407
398
363
338
387
377
329
425
374
405
404
412
360
443
422
423
458
500
476
525
476
428
490
463
476
533
461
530
519
511
571
545
552
576
501
477
538
500
550
568
618
616
611
716
767
815
830
740
731
672
711
876
869
614
527
