329
672
653
653
633
667
647
660
704
700
655
667
684
727
706
639
689
677
711
709
681
675
699
654
650
681
653
646
696
675
683
629
672
671
702
646
679
649
651
650
665
669
681
633
668
629
642
667
643
697
669
633
655
622
630
708
649
655
688
689
704
646
685
620
631
682
666
640
661
676
655
640
678
710
676
633
713
645
627
642
536
379
367
188
162
136
69
36
26
22
10
5
6
3
1
3
3
7
2
2
0
5
4
2
0
2
0
0
0
1
0
0
0
0
0
0
0
0
0
0
0
0
0
1
0
0
0
0
0
1
0
0
0
0
0
0
0
0
0
1
0
0
0
0
0
0
0
0
0
0
0
0
0
0
0
1
0
0
0
0
0
0
0
1
0
0
0
0
1
0
0
0
0
0
0
0
0
0
0
0
0
0
0
0
1
0
0
0
0
0
0
0
0
0
0
0
0
0
2
2
2
1
1
1
0
2
3
1
3
7
12
32
55
105
165
348
392
567
661
621
661
671
684
686
687
641
659
720
658
657
653
666
680
673
674
622
692
687
654
659
691
682
654
677
675
709
640
642
698
692
680
657
690
700
647
663
672
632
659
676
646
679
655
677
680
653
662
702
723
628
653
612
650
710
644
722
661
677
713
653
702
612
659
672
700
653
675
700
689
643
687
693
655
670
657
657
666
656
660
659
