316
673
641
672
680
703
614
687
684
667
664
626
660
643
677
668
623
675
687
620
661
656
713
679
646
697
691
636
630
672
718
731
681
652
668
677
671
673
717
694
648
661
689
643
656
635
675
654
682
640
684
687
667
717
686
688
637
700
631
700
654
659
631
668
699
650
615
668
663
683
676
651
668
643
667
651
646
658
650
685
735
684
439
210
158
124
60
57
37
21
11
6
6
2
0
2
8
2
2
3
1
2
1
0
0
0
0
0
1
0
1
1
0
0
0
1
0
0
0
0
1
0
1
0
0
0
1
0
0
0
0
0
0
1
0
0
0
0
0
0
0
0
0
0
0
0
0
0
0
0
0
0
0
1
0
0
0
0
0
0
0
0
0
0
0
0
0
0
0
0
0
0
0
0
0
0
0
0
0
0
0
1
1
0
0
1
0
0
0
1
0
0
0
1
1
1
1
0
5
2
0
4
1
3
5
2
13
3
3
7
7
10
15
37
62
131
138
197
357
408
409
487
702
716
661
679
718
645
665
683
632
686
636
670
639
643
651
688
660
641
649
617
690
679
665
694
641
710
682
671
674
645
711
652
680
660
608
668
649
635
635
694
621
662
627
647
645
634
676
604
662
677
678
681
700
640
716
684
684
664
663
694
661
640
688
668
696
631
668
673
688
640
656
636
680
657
694
630
691
645
