3265
6534
6563
6558
6558
6521
6543
6520
6536
6528
6537
6543
6563
6539
6536
6536
6536
6547
6525
6527
6547
6530
6534
6550
6538
6533
6557
6536
6521
6530
6542
6552
6546
6537
6541
6524
6514
6522
6519
6520
6538
6542
6543
6535
6540
6540
6554
6538
6539
6562
6557
6524
6540
6530
6542
6548
6543
6532
6564
6537
6528
6524
6542
6531
6532
6549
6537
6556
6551
6549
6538
6549
6533
6536
6537
6534
6551
6546
6551
6538
6544
6519
6533
6544
6533
6553
6542
6550
6554
6531
6543
6526
6541
6539
6547
6561
6534
6563
6543
6544
6560
6556
6530
6538
6528
6542
6540
6530
6553
6539
6538
6547
6563
6533
6547
5606
5303
5340
5293
5170
4609
4672
4589
4597
4007
3736
3720
3828
3656
3138
3019
3110
3031
2684
2649
2605
2663
2561
2419
2399
2457
2413
2216
2188
2119
2144
2043
1709
1695
1612
1732
1510
1444
1477
1451
1393
1282
1353
1400
1374
1214
1143
1108
1115
1051
990
1009
994
1010
872
821
827
877
858
931
925
932
1011
871
859
880
927
948
921
873
906
930
945
909
913
912
950
918
878
844
897
924
929
947
874
919
920
953
961
935
908
992
960
936
904
876
887
839
821
842
851
853
862
845
787
860
895
859
909
931
1008
936
923
891
840
847
847
790
840
871
828
832
820
850
837
840
936
894
953
948
983
965
983
946
944
908
935
958
884
924
866
919
906
888
878
887
853
893
912
903
874
913
859
888
937
919
901
931
936
966
900
953
846
806
834
859
887
1000
997
994
987
1125
1170
1144
1131
1187
1343
1289
1325
1314
1452
1472
1503
1437
1541
1720
1701
1709
1776
1997
2235
2276
2212
2211
2432
2396
2464
2429
2643
2639
2646
2734
2814
3085
3172
3094
3124
3669
3820
3793
3760
4031
4657
4625
4643
4619
5177
5383
5373
5358
5692
6532
6530
6533
6551
6545
6552
6553
6533
6551
6516
6544
6535
6538
6540
6557
6530
6546
6546
6525
6527
6551
6535
6527
6545
6556
6522
6540
6549
6549
6541
6553
6543
6527
6548
6543
6541
6523
6534
6542
6538
6532
6543
6534
6531
6536
6536
6512
6536
6525
6546
6546
6558
6523
6555
6528
6515
6547
6539
6547
6552
6550
6555
6563
6553
6544
6520
6532
6543
6543
6540
6531
6548
6540
6550
6559
6542
6508
6525
6548
6528
6541
6521
6537
6550
6532
6561
6559
6533
6551
6560
6546
6543
6537
6552
6539
6517
6555
6543
6522
6547
6549
6541
6553
6548
6549
6546
6532
6549
6540
6526
6542
6535
6538
6544
