351
636
635
689
633
684
646
677
687
674
641
666
672
661
706
685
658
636
642
646
652
643
628
648
674
646
681
612
678
726
640
634
657
697
695
654
702
669
706
634
679
697
658
647
637
647
654
652
621
676
640
641
660
667
662
623
679
711
642
675
653
661
620
678
698
677
678
628
671
654
680
669
676
716
672
687
693
651
613
635
616
640
464
398
387
358
166
100
91
45
28
13
6
4
3
1
1
2
1
2
0
1
1
1
0
0
0
0
1
0
0
0
0
0
0
0
0
0
0
0
0
0
0
0
0
0
0
0
0
0
0
0
1
0
0
0
0
0
0
0
0
0
0
0
1
0
0
0
0
0
0
0
0
0
0
0
0
0
0
0
0
0
0
0
0
0
0
0
0
0
0
0
0
0
0
0
0
0
1
0
0
0
0
0
1
1
1
1
0
0
0
2
0
0
0
0
0
0
0
1
0
2
1
3
2
3
4
1
4
10
6
18
25
35
88
132
135
201
237
235
316
483
658
651
653
668
667
691
678
651
640
660
689
640
720
671
694
694
676
689
679
657
705
698
662
660
668
675
672
682
698
703
655
649
644
652
671
695
685
639
656
646
637
663
643
662
694
682
657
678
668
639
734
681
677
677
690
690
669
653
689
672
709
657
616
690
698
646
645
685
625
653
707
679
705
625
649
687
688
654
