341
648
675
660
651
694
658
694
679
594
675
679
731
616
703
651
676
652
674
697
630
672
662
665
640
651
670
677
692
683
710
699
684
702
680
653
671
638
675
665
675
660
701
685
673
667
665
636
695
654
713
610
637
647
675
657
648
646
673
675
655
692
645
624
667
680
662
637
657
667
628
609
682
680
639
664
667
675
659
678
548
379
384
177
164
112
58
27
23
29
21
11
8
11
4
6
3
0
0
0
1
1
1
1
0
0
0
0
0
0
0
0
0
0
0
0
0
0
0
0
0
0
0
0
0
0
0
0
1
0
0
0
0
0
0
0
0
0
0
1
0
0
0
0
0
0
0
0
0
0
0
0
0
0
0
0
0
0
0
0
0
0
0
0
0
0
0
0
0
0
0
0
0
0
0
0
0
0
0
0
0
0
0
0
0
0
2
0
0
1
0
0
0
0
0
0
0
0
0
0
0
0
0
0
1
1
0
2
1
3
19
32
86
172
401
681
683
719
684
676
637
698
699
688
689
629
705
654
646
674
660
667
677
678
667
644
702
655
669
655
689
641
660
688
692
688
671
648
684
625
684
623
611
667
687
673
626
645
646
689
675
669
713
615
661
671
648
649
667
644
638
671
653
682
666
660
687
667
654
667
653
642
627
679
654
665
669
628
655
654
695
673
687
628
645
668
678
629
696
641
