317
644
695
694
675
676
691
613
639
665
618
648
642
705
639
685
680
623
653
676
635
696
670
692
693
649
684
684
661
654
698
648
664
647
685
699
625
650
657
678
666
656
664
679
632
686
693
694
661
664
634
653
670
622
649
693
713
694
670
702
689
641
658
679
588
683
677
642
683
676
714
691
671
688
715
711
673
651
668
654
677
650
681
715
652
562
248
87
31
20
12
7
5
8
4
3
2
4
1
3
0
1
0
0
0
0
0
0
0
0
1
0
0
0
0
0
0
0
0
0
0
0
1
0
0
1
0
0
0
0
1
0
0
0
0
0
0
0
0
0
0
0
0
0
0
0
0
0
0
0
0
0
0
0
0
0
0
0
0
0
0
0
0
0
0
0
0
0
0
0
0
0
0
0
0
0
0
0
0
0
0
0
0
0
0
0
0
0
0
0
0
0
0
0
1
1
0
2
0
0
4
2
3
3
8
9
6
8
8
7
9
17
27
18
56
118
169
311
432
410
564
627
631
632
677
660
714
653
711
680
686
653
639
674
680
618
659
665
674
676
673
653
676
645
652
697
649
705
699
692
644
647
617
698
645
666
688
681
678
631
716
658
655
700
647
684
657
662
669
672
690
677
723
669
663
660
623
681
645
675
674
662
656
650
622
659
667
668
708
653
692
669
651
668
655
666
667
702
667
671
