277
603
671
1094
1047
855
668
729
839
821
761
704
644
621
718
631
582
585
544
527
473
509
521
471
513
506
463
449
416
425
421
389
383
397
375
357
352
377
370
358
366
412
314
313
300
292
289
260
381
233
254
323
265
325
259
265
258
270
236
243
251
248
248
243
213
228
245
248
253
268
209
200
245
218
234
233
178
189
230
204
201
221
200
165
174
166
173
145
142
137
148
168
130
139
148
134
147
147
153
154
164
178
143
145
157
192
168
154
141
128
145
145
150
138
176
167
183
194
163
189
172
161
155
197
203
184
192
183
178
184
205
213
233
226
264
279
278
315
279
283
319
322
295
283
298
323
337
326
296
366
318
333
392
341
399
327
352
334
390
387
415
379
357
393
405
412
456
415
457
452
433
505
491
533
510
588
572
552
606
628
602
597
691
663
678
687
699
622
743
789
881
771
858
790
750
829
1051
1137
712
620
