3259
6556
6542
6536
6541
6553
6549
6525
6558
6537
6529
6552
6546
6554
6521
6546
6538
6553
6544
6541
6531
6533
6534
6528
6539
6532
6529
6557
6554
6546
6551
6551
6559
6529
6543
6550
6534
6565
6550
6538
6553
6551
6547
6535
6532
6550
6545
6547
6551
6531
6542
6546
6551
6568
6540
6527
6556
6541
6548
6550
6547
6546
6543
6541
6548
6563
6555
6543
6542
6560
6519
6541
6552
6544
6563
6532
6543
6544
6543
6537
6536
6528
6554
6539
6550
6562
6549
6526
6560
6549
6556
6545
6541
6532
6552
6550
6555
6313
6221
6211
6185
6147
5942
5942
5961
5885
5316
5091
5082
5089
5008
4845
4718
4818
4818
4722
4614
4631
4629
4466
4002
3940
4002
3896
4029
3964
3997
4039
3813
3385
3385
3405
3403
3221
3170
3110
2949
3022
2943
2961
2956
2915
2692
2569
2573
2532
2449
2253
2146
2180
2170
2136
2222
2134
2167
2125
2024
2167
2072
2087
1946
1732
1822
1689
1793
1765
1797
1761
1758
1477
1390
1501
1506
1464
1333
1342
1328
1324
1290
1368
1332
1338
1316
1294
1271
1294
1236
1057
996
1015
941
1007
1009
1023
1035
1027
828
820
787
825
795
920
901
875
889
740
681
704
712
694
632
644
640
664
629
590
616
639
576
483
443
426
467
566
624
640
615
581
423
455
486
522
604
599
606
639
610
655
631
646
668
685
708
705
699
759
912
871
886
906
786
803
831
855
854
1072
1030
983
1032
1005
944
984
990
1056
1311
1262
1269
1209
1356
1311
1325
1304
1364
1305
1329
1320
1284
1415
1439
1479
1483
1579
1815
1747
1812
1749
1829
1798
1711
1838
1857
2013
2092
2120
2100
2133
2156
2223
2110
2208
2196
2208
2215
2163
2501
2583
2527
2492
2634
2974
2957
2936
2917
3131
3186
3146
3022
3229
3499
3429
3422
3405
3934
3976
3976
3986
3988
3977
3985
4000
3929
4382
4625
4604
4652
4710
4879
4827
4826
4865
5024
5146
5056
5056
5355
5940
5902
5882
5921
6176
6236
6228
6219
6296
6554
6539
6535
6539
6541
6558
6544
6567
6555
6550
6535
6546
6541
6562
6562
6539
6533
6551
6545
6546
6564
6540
6561
6567
6559
6553
6567
6523
6548
6550
6553
6539
6555
6547
6549
6566
6532
6574
6541
6545
6548
6524
6565
6545
6553
6542
6548
6557
6560
6533
6547
6549
6543
6524
6557
6550
6542
6545
6554
6546
6531
6550
6557
6532
6550
6546
6546
6545
6552
6557
6559
6550
6534
6529
6540
6542
6558
6553
6556
6552
6557
6561
6539
6537
6548
6510
6536
6561
6558
6551
6550
6556
6552
6547
6561
6539
