322
621
653
678
662
666
633
609
671
657
726
679
632
676
692
655
650
644
695
655
641
643
694
630
693
653
679
698
685
650
677
649
633
664
650
710
671
645
688
696
656
684
643
632
621
672
663
693
694
681
697
649
625
629
654
668
656
642
733
643
685
682
643
677
691
633
631
656
693
666
681
672
664
688
658
670
665
669
669
697
708
710
671
674
702
646
396
150
87
35
14
8
2
4
1
2
3
0
0
0
1
1
1
1
0
0
0
0
0
0
0
0
0
0
0
0
0
0
0
0
0
0
0
0
0
0
0
0
0
0
0
0
0
0
0
0
0
0
0
0
0
0
0
0
0
0
0
0
1
0
0
0
0
0
0
0
0
0
0
0
0
0
0
0
0
0
0
0
0
0
0
0
0
0
0
0
0
0
0
0
0
0
0
0
0
0
0
0
0
0
0
0
0
0
0
0
0
1
1
1
1
0
1
1
7
5
5
16
11
15
16
24
41
44
90
204
263
319
625
692
654
693
658
669
684
653
626
664
659
658
655
652
667
631
642
666
627
700
714
686
665
619
629
660
695
640
645
696
667
697
611
683
695
682
691
616
660
686
667
655
646
660
684
633
637
655
667
722
678
663
652
640
702
670
652
699
663
721
634
642
694
700
636
680
631
662
632
672
681
677
667
661
681
697
702
704
610
656
648
709
