3285
6534
6503
6535
6545
6526
6540
6513
6518
6545
6514
6546
6535
6542
6554
6544
6527
6542
6539
6531
6538
6550
6542
6543
6529
6547
6534
6532
6549
6549
6537
6522
6522
6535
6522
6551
6553
6526
6536
6544
6551
6521
6535
6542
6538
6523
6541
6538
6533
6540
6548
6538
6537
6548
6540
6547
6532
6551
6541
6555
6545
6530
6568
6530
6525
6526
6541
6528
6535
6536
6548
6540
6544
6562
6528
6541
6531
6524
6550
6534
6541
6537
6546
6565
6556
6537
6537
6547
6546
6556
6546
6534
6537
6540
6529
6555
6548
6526
6543
6557
6538
6553
6544
6553
6552
6553
6544
6543
6545
6543
6541
6526
6557
6550
6552
6277
6238
6228
6186
5976
5081
5156
5124
5141
4405
4113
4246
4218
3915
3375
3447
3379
3535
2963
2764
2825
2713
2678
2263
2333
2274
2263
1983
1900
1863
1842
1824
1508
1469
1567
1622
1280
1270
1194
1271
1241
1041
1013
1014
1047
950
937
984
895
933
994
946
921
907
945
953
944
929
941
1007
908
950
954
952
946
959
922
939
906
961
979
929
960
993
906
983
877
873
936
850
904
887
829
868
797
856
895
904
870
895
852
870
886
890
897
860
868
876
861
868
880
866
846
855
759
835
868
871
883
961
922
906
928
827
851
806
820
853
868
792
839
845
836
865
819
775
853
890
944
860
905
877
907
933
938
847
875
888
827
862
834
870
852
882
915
943
902
926
942
931
944
999
963
924
996
914
995
909
911
930
925
950
965
926
882
946
955
932
919
910
925
891
942
869
937
984
1043
1048
1066
1070
1241
1180
1250
1213
1337
1549
1567
1517
1495
1773
1882
1860
1823
2005
2265
2305
2289
2338
2711
2791
2764
2829
2963
3381
3496
3475
3444
4043
4162
4127
4181
4404
5049
5137
5077
5058
5935
6224
6219
6219
6302
6539
6533
6560
6544
6531
6557
6544
6551
6551
6519
6530
6533
6550
6537
6553
6531
6541
6541
6554
6563
6531
6535
6519
6531
6538
6514
6533
6535
6551
6535
6548
6528
6536
6530
6549
6540
6532
6538
6525
6513
6531
6525
6537
6526
6539
6542
6532
6551
6542
6533
6533
6521
6547
6531
6537
6534
6530
6543
6549
6522
6540
6532
6542
6538
6553
6550
6537
6554
6523
6517
6542
6517
6526
6516
6540
6532
6530
6517
6529
6533
6540
6525
6544
6557
6538
6538
6537
6537
6556
6523
6537
6524
6548
6536
6534
6528
6545
6516
6547
6545
6544
6551
6527
6546
6572
6564
6537
6524
6547
6523
6550
6552
6522
6523
