309
671
674
648
678
666
643
622
676
675
633
684
702
667
661
625
679
686
659
668
657
669
645
646
629
680
653
697
636
674
675
637
674
691
648
683
680
671
645
659
655
668
634
670
702
709
653
690
663
658
681
711
679
627
657
725
729
721
661
649
683
655
652
639
654
698
692
667
701
680
662
707
672
666
684
703
674
711
672
681
699
707
612
330
252
199
143
108
47
61
35
33
16
19
17
10
10
4
6
0
1
4
2
2
1
0
1
0
3
1
1
1
1
0
0
0
0
0
0
0
0
2
0
0
0
1
1
0
0
0
0
0
0
0
0
0
0
0
0
0
0
0
0
0
0
0
0
0
0
0
0
0
0
0
0
0
0
0
0
0
0
0
0
0
0
0
0
0
0
0
1
0
0
0
0
0
0
1
0
1
0
1
0
2
0
1
1
0
0
2
4
1
1
1
2
3
2
1
1
5
0
2
1
4
8
9
2
5
14
7
11
22
47
54
127
320
410
513
712
718
689
661
704
669
678
678
666
629
680
707
672
650
667
623
603
643
685
645
694
674
647
649
683
651
660
637
648
674
648
662
672
646
675
642
642
678
654
703
705
627
671
665
651
716
651
661
630
656
671
638
640
651
725
644
673
682
643
664
680
675
677
713
655
711
617
648
678
698
623
699
691
700
699
673
703
676
673
684
663
675
