326
670
611
659
693
748
655
694
696
625
685
676
654
678
660
610
669
638
650
628
659
642
680
660
658
699
672
688
657
669
656
671
649
683
692
653
665
665
638
701
633
644
674
698
689
654
650
671
680
603
649
710
658
666
686
655
626
656
640
694
682
668
631
676
731
681
606
720
649
710
644
661
690
683
641
661
675
622
645
704
658
664
637
638
459
381
236
105
49
14
6
1
4
1
2
1
5
0
2
3
1
2
1
1
0
1
0
1
0
0
0
0
0
0
0
0
0
0
0
0
0
0
0
0
0
0
0
0
0
0
0
0
0
0
0
0
0
0
0
0
0
1
0
0
0
0
0
1
1
0
0
0
0
0
0
0
0
0
0
0
1
0
0
0
0
0
0
0
0
0
0
0
0
0
0
1
0
0
0
0
0
0
0
0
0
0
0
0
0
0
0
0
0
0
0
1
0
1
0
0
1
1
0
4
5
12
8
10
21
20
11
28
41
42
68
117
141
335
612
641
645
677
672
651
671
661
689
677
657
696
664
639
670
652
635
688
690
685
691
709
632
619
619
682
674
688
637
644
662
638
639
708
700
681
690
643
665
733
671
619
669
599
646
611
663
647
695
690
684
658
676
660
702
703
680
644
642
645
711
699
651
690
681
714
680
651
645
639
655
665
673
672
680
667
722
653
683
677
681
705
