3273
6555
6549
6539
6541
6557
6534
6542
6545
6532
6552
6555
6565
6552
6548
6539
6537
6532
6554
6544
6539
6559
6566
6549
6551
6550
6534
6549
6568
6556
6547
6558
6547
6535
6546
6547
6541
6552
6558
6543
6522
6542
6549
6543
6540
6537
6552
6554
6544
6542
6542
6552
6543
6527
6558
6531
6551
6551
6544
6546
6539
6535
6548
6531
6535
6566
6555
6522
6550
6565
6539
6523
6543
6527
6522
6566
6548
6537
6544
6545
6552
6558
6560
6539
6547
6551
6544
6556
6554
6535
6530
6545
6540
6553
6542
6556
6556
6551
6533
6527
6568
6415
5921
5923
5927
5944
5739
5626
5685
5644
5485
5095
5139
5068
5113
4626
4445
4342
4472
4382
4179
4199
4140
4214
3897
3829
3790
3715
3612
3250
3261
3233
3366
3167
3100
3025
3111
3027
2779
2857
2826
2666
2542
2495
2368
2436
2447
2556
2588
2479
2607
2077
1962
1966
1926
1977
1988
1989
2047
1930
1797
1800
1796
1806
1776
1547
1507
1539
1484
1509
1575
1553
1616
1534
1507
1413
1439
1447
1296
1232
1170
1208
1145
1078
1097
1094
1062
1066
1012
1032
1112
1010
852
843
832
836
915
957
951
952
850
791
814
770
773
738
653
673
654
670
758
718
731
763
646
623
591
615
621
559
582
521
574
678
710
668
671
683
514
526
510
559
604
659
652
608
655
712
747
750
738
681
655
644
699
666
752
766
749
765
890
937
924
912
920
840
820
827
864
964
1017
1051
1047
1016
1133
1050
1094
1110
1147
1211
1176
1147
1246
1445
1538
1474
1507
1497
1493
1508
1598
1610
1541
1549
1586
1583
1728
1779
1705
1778
1858
1978
1990
1929
2028
1975
2003
1985
2014
2147
2544
2511
2522
2573
2469
2413
2406
2374
2521
2741
2807
2828
2828
2968
3099
3099
3094
3123
3240
3263
3289
3214
3584
3774
3770
3788
3944
4202
4184
4251
4148
4277
4374
4371
4376
4610
5085
5092
5069
5040
5518
5621
5585
5627
5684
5933
5939
5914
5936
6401
6548
6533
6573
6539
6529
6525
6535
6558
6557
6541
6518
6543
6522
6555
6554
6553
6545
6566
6553
6547
6548
6556
6547
6531
6558
6542
6556
6554
6546
6542
6537
6555
6548
6526
6525
6560
6549
6549
6559
6564
6545
6536
6544
6536
6579
6548
6551
6539
6537
6552
6536
6548
6553
6559
6560
6555
6538
6544
6532
6524
6544
6523
6552
6548
6543
6547
6538
6563
6541
6544
6535
6512
6551
6551
6547
6555
6542
6546
6538
6560
6562
6542
6547
6548
6544
6544
6535
6533
6540
6539
6548
6554
6545
6551
6547
6547
6532
6542
6557
6547
