225
458
574
931
945
748
584
662
628
704
713
608
596
535
576
575
535
469
425
483
416
452
466
394
444
401
403
297
339
372
325
373
396
316
324
311
356
348
335
281
292
320
289
280
282
293
275
259
265
217
282
307
216
291
217
231
215
242
257
208
188
194
212
191
229
210
235
188
233
194
203
189
196
198
196
192
180
202
192
186
163
147
157
168
142
146
147
149
137
149
137
142
129
128
117
141
117
129
167
149
177
157
149
152
129
134
148
133
116
136
142
130
122
115
129
148
136
131
168
170
146
157
150
166
173
179
170
154
160
149
158
198
206
200
257
226
249
211
237
277
278
253
272
274
298
284
285
321
303
361
330
270
373
296
353
336
385
340
373
408
362
349
374
367
398
382
396
423
424
442
436
461
483
479
519
518
513
548
562
552
545
561
587
637
572
628
627
615
693
707
802
707
767
704
668
754
900
942
622
497
