3274
6538
6547
6545
6526
6536
6541
6540
6540
6562
6551
6563
6518
6526
6540
6551
6555
6540
6552
6548
6550
6537
6558
6561
6532
6566
6564
6556
6551
6535
6542
6539
6555
6542
6552
6555
6526
6542
6532
6542
6539
6543
6537
6554
6525
6558
6552
6531
6530
6534
6542
6539
6539
6554
6510
6536
6522
6549
6535
6558
6543
6546
6538
6543
6551
6519
6555
6530
6540
6551
6542
6547
6533
6537
6522
6569
6536
6547
6537
6521
6567
6537
6541
6545
6533
6530
6530
6535
6545
6536
6543
6539
6554
6538
6527
6541
6528
6556
6550
6548
6548
6549
6530
6540
6539
6548
6282
6232
6242
6222
5997
5323
5329
5406
5347
4975
4883
4807
4865
4611
3909
4029
3995
3939
3798
3761
3828
3768
3589
3249
3270
3323
3255
3024
2880
2939
2949
2820
2504
2562
2612
2473
2445
2455
2475
2423
2308
2163
2141
2200
2233
1893
1795
1759
1770
1756
1718
1608
1682
1692
1400
1266
1315
1219
1319
1404
1438
1407
1402
1146
992
983
1052
1031
1094
1126
1073
1067
910
851
888
896
845
882
893
884
889
859
864
865
885
804
799
784
805
838
834
839
846
872
831
819
817
864
831
878
859
900
833
844
832
852
873
857
809
802
759
824
778
767
807
831
784
834
837
845
825
802
774
782
841
793
828
808
794
804
848
821
873
898
886
834
851
847
833
822
818
869
911
833
818
824
860
830
854
800
779
821
770
899
872
866
851
831
896
899
879
891
872
854
843
875
873
1107
1078
1036
1138
969
1026
1031
999
1149
1384
1399
1398
1413
1306
1300
1338
1370
1399
1719
1711
1708
1758
1773
1800
1778
1785
1900
2149
2251
2115
2180
2407
2390
2397
2434
2415
2563
2497
2548
2612
2832
2923
3002
2978
3051
3294
3231
3231
3260
3666
3730
3762
3797
3841
3909
3951
3979
3975
4627
4812
4864
4799
5021
5344
5338
5305
5366
6006
6215
6242
6232
6328
6530
6549
6539
6559
6532
6538
6541
6527
6557
6550
6553
6555
6532
6544
6549
6544
6538
6560
6548
6551
6541
6516
6547
6548
6542
6561
6556
6552
6543
6531
6542
6532
6548
6537
6531
6555
6544
6560
6539
6554
6554
6541
6543
6506
6554
6549
6543
6550
6541
6543
6525
6539
6545
6506
6533
6543
6548
6529
6539
6523
6548
6552
6533
6552
6520
6553
6552
6547
6546
6548
6534
6551
6542
6539
6555
6540
6534
6544
6546
6549
6553
6540
6546
6553
6527
6538
6535
6530
6570
6524
6534
6549
6520
6540
6516
6535
6540
6567
6535
6541
6543
6569
6537
6508
6564
