3284
6545
6538
6544
6537
6513
6534
6553
6548
6540
6540
6554
6523
6541
6547
6546
6541
6559
6554
6532
6544
6544
6532
6548
6546
6537
6552
6550
6549
6531
6551
6547
6548
6546
6540
6526
6552
6529
6558
6545
6545
6547
6553
6518
6537
6527
6556
6523
6545
6555
6523
6552
6541
6534
6545
6541
6533
6536
6548
6550
6554
6544
6553
6547
6552
6539
6540
6558
6565
6541
6530
6553
6545
6540
6543
6522
6525
6535
6553
6535
6554
6551
6552
6539
6531
6549
6555
6549
6539
6538
6542
6546
6550
6527
6546
6534
6547
6527
6547
6536
6558
6543
6552
6538
6528
6540
6317
6240
6212
6222
6009
5381
5354
5351
5377
4926
4860
4916
4796
4654
3944
3975
4016
3923
3802
3779
3790
3721
3597
3252
3200
3218
3256
3022
2956
2929
2891
2865
2522
2503
2503
2582
2433
2414
2418
2405
2387
2176
2154
2149
2216
1912
1893
1811
1734
1788
1675
1679
1677
1704
1389
1355
1286
1323
1369
1370
1473
1399
1426
1109
1076
1110
1052
1077
1096
1114
1112
1091
900
888
826
872
898
845
894
894
909
800
898
845
868
830
849
835
764
830
859
872
839
801
868
839
819
829
817
808
877
898
888
886
853
789
830
806
839
804
806
774
806
844
824
839
791
847
857
782
834
828
804
762
777
794
819
821
861
835
831
834
824
808
896
842
808
846
832
873
842
863
822
875
802
863
872
836
838
773
853
780
817
849
879
865
861
823
930
902
938
872
891
815
854
853
907
1105
1083
1111
1174
1031
1036
1018
975
1130
1431
1438
1404
1416
1357
1303
1327
1303
1398
1720
1684
1598
1713
1815
1769
1835
1850
1847
2142
2147
2169
2157
2419
2449
2412
2392
2468
2504
2573
2622
2487
2839
3037
2917
2994
3007
3270
3247
3240
3210
3690
3789
3818
3752
3873
3914
3911
3983
4003
4663
4868
4842
4769
4986
5355
5353
5332
5297
6039
6240
6209
6246
6302
6506
6541
6528
6536
6551
6561
6544
6536
6545
6535
6534
6542
6547
6530
6557
6538
6539
6545
6513
6537
6545
6563
6532
6546
6537
6553
6539
6546
6537
6536
6527
6534
6553
6546
6553
6560
6538
6553
6551
6545
6541
6538
6529
6550
6525
6543
6537
6564
6521
6537
6522
6527
6529
6516
6561
6557
6546
6564
6561
6534
6531
6542
6549
6542
6551
6530
6545
6547
6557
6544
6543
6539
6534
6526
6555
6529
6539
6551
6555
6563
6540
6538
6546
6533
6516
6538
6545
6553
6545
6557
6540
6545
6549
6541
6543
6537
6547
6541
6514
6526
6528
6537
6558
6539
6556
