322
655
659
681
661
673
672
729
670
687
717
656
663
692
677
679
698
649
684
678
631
634
660
692
728
653
633
655
663
654
635
710
673
720
664
686
673
651
648
682
649
702
676
659
728
678
640
677
639
658
654
641
672
730
640
683
666
653
678
645
677
646
642
693
623
655
674
648
726
692
677
652
652
669
643
671
670
696
667
533
304
262
242
195
173
142
80
34
24
16
8
6
3
7
10
2
2
0
0
1
0
1
3
0
1
0
1
0
0
0
0
1
0
0
0
0
0
1
1
1
0
1
0
0
0
1
0
0
0
0
0
0
0
0
0
0
0
0
0
0
0
0
0
0
0
0
0
0
0
0
0
0
0
0
0
0
0
0
0
0
0
0
0
0
0
0
0
0
0
0
0
0
0
0
0
1
0
0
1
0
1
0
0
0
0
0
0
0
0
0
0
0
0
0
0
0
1
1
2
0
3
3
0
1
1
1
0
6
5
10
31
49
91
96
158
327
430
403
500
698
652
669
650
648
675
697
657
702
659
683
681
634
681
644
650
644
684
699
737
685
687
692
626
669
614
618
703
666
666
658
624
682
695
642
658
661
681
628
709
707
613
679
654
681
636
660
743
650
688
677
693
639
680
654
617
654
687
640
630
656
700
708
685
685
672
683
680
674
657
664
599
644
693
649
622
671
633
667
645
662
