483
983
979
979
981
983
981
984
981
982
981
979
988
983
984
983
982
977
972
978
982
979
984
983
979
984
983
981
984
976
968
985
977
987
987
981
984
974
979
981
979
984
975
981
980
979
980
982
988
986
984
980
985
923
831
746
657
606
539
451
392
375
344
307
255
229
209
190
159
159
156
130
123
159
155
154
149
125
105
124
126
148
117
122
142
145
155
153
131
136
135
129
143
150
124
127
138
118
132
134
128
141
129
143
120
135
114
149
136
143
136
132
127
155
145
145
140
142
126
151
130
125
118
132
154
141
145
151
127
137
144
156
172
204
201
224
228
315
342
349
386
447
532
619
677
744
841
910
985
981
979
980
983
981
984
980
981
979
988
980
976
981
973
985
980
985
983
976
979
979
984
982
987
976
983
989
974
977
983
977
985
976
987
980
987
980
976
980
978
986
978
979
983
986
977
978
978
979
970
978
