489
982
976
982
979
986
981
987
978
988
988
980
981
986
987
977
983
986
979
981
988
977
986
980
983
973
988
985
978
986
986
987
979
976
976
979
981
984
990
976
981
983
977
985
987
921
900
841
831
784
742
698
658
639
530
554
559
515
491
484
455
432
436
415
377
385
349
314
368
310
331
314
281
262
255
235
262
233
234
197
186
170
173
150
140
131
141
107
152
111
93
102
104
109
103
85
79
84
95
100
93
86
90
89
113
97
115
91
93
111
105
106
128
108
125
140
138
150
157
165
200
218
228
245
244
249
229
269
282
275
319
349
323
343
348
365
385
405
423
442
450
491
461
520
528
568
577
618
654
668
735
797
796
856
908
935
978
982
977
983
977
981
980
980
985
981
971
983
989
979
989
990
988
979
981
979
981
971
988
976
978
978
981
988
975
990
982
978
984
982
982
985
987
984
985
977
977
978
978
986
