290
555
712
1072
1098
855
652
790
825
776
747
708
646
602
718
691
611
577
530
507
447
489
518
546
509
498
469
442
434
461
390
383
387
385
385
343
363
331
375
342
345
350
331
314
308
262
312
281
311
277
288
307
258
307
252
237
266
261
263
228
269
253
233
228
197
234
254
198
252
192
215
221
224
238
214
208
227
196
209
190
224
217
194
182
177
164
141
172
162
152
169
160
144
145
149
145
159
149
159
159
142
152
185
157
144
162
147
154
143
131
157
174
152
155
193
159
164
172
181
183
177
174
162
212
209
176
186
199
182
173
180
211
235
254
285
252
290
267
310
258
334
278
302
289
323
315
331
331
306
361
328
281
357
337
384
342
363
362
378
382
404
446
471
420
413
437
457
422
474
452
457
508
525
477
537
582
560
611
655
624
581
602
675
705
683
686
734
674
731
794
901
839
850
823
766
919
1106
1093
713
596
