351
668
673
616
689
668
681
692
666
673
696
644
677
632
665
675
729
702
654
656
655
668
717
625
637
676
637
685
678
679
677
655
670
628
634
648
617
614
665
721
661
704
658
677
672
644
659
726
673
683
694
649
632
657
652
680
694
628
680
677
667
654
679
682
673
689
647
693
672
616
665
675
750
684
612
652
660
644
687
669
692
659
592
307
264
216
77
35
21
18
13
6
7
6
5
3
4
1
3
0
0
2
1
0
0
1
0
0
1
0
0
0
0
0
0
0
0
0
0
0
1
0
0
1
0
0
0
0
0
0
0
0
0
0
0
0
1
0
0
0
0
0
0
0
0
0
0
0
0
0
0
0
0
0
0
0
0
0
0
0
0
1
0
0
0
0
0
0
0
0
0
0
0
0
0
0
0
0
0
0
0
0
0
0
1
0
0
0
0
0
0
0
0
1
1
0
2
0
1
2
0
0
2
4
1
1
4
2
4
4
14
28
59
86
211
543
704
692
638
707
679
666
685
679
662
648
669
684
678
679
665
673
664
676
682
687
709
652
619
662
657
657
696
686
690
694
659
682
679
676
664
678
649
655
654
597
635
690
629
664
647
684
677
683
666
700
681
707
654
636
687
683
631
677
660
651
628
687
633
658
688
672
682
658
697
638
649
650
712
665
633
717
642
630
641
655
639
648
727
643
