3270
6547
6530
6559
6554
6552
6537
6556
6560
6527
6566
6560
6544
6551
6540
6518
6558
6557
6549
6520
6557
6541
6561
6558
6542
6539
6570
6540
6542
6573
6548
6549
6536
6531
6550
6549
6531
6546
6547
6538
6534
6573
6557
6555
6544
6554
6540
6536
6553
6549
6556
6547
6544
6534
6552
6536
6544
6544
6546
6549
6515
6534
6544
6546
6528
6573
6540
6541
6535
6552
6528
6536
6548
6549
6562
6539
6573
6547
6538
6536
6540
6537
6554
6561
6533
6535
6551
6548
6538
6549
6548
6525
6542
6555
6546
6545
6557
6543
6565
6549
6557
6371
5922
5913
5939
5927
5533
5316
5392
5392
5227
4832
4880
4910
4852
4497
4433
4421
4406
4264
3758
3784
3756
3791
3582
3619
3557
3587
3583
3264
3242
3244
3237
3039
2976
2890
2927
2934
2792
2718
2800
2789
2663
2581
2551
2564
2419
2309
2331
2340
2336
2192
2188
2141
2222
2176
2067
2090
2040
2073
1968
1943
1916
1945
1764
1653
1610
1626
1627
1575
1648
1620
1611
1590
1448
1515
1429
1435
1234
1269
1231
1242
1235
1086
1141
1069
1090
1068
1025
1006
1060
943
847
833
887
858
854
888
871
857
833
750
695
713
707
707
693
617
663
700
684
656
607
647
693
604
655
640
612
603
573
579
584
629
623
599
672
600
615
639
617
647
628
660
627
666
643
680
681
630
645
679
717
657
626
687
699
680
682
696
804
835
823
813
831
897
831
835
844
963
1033
1031
999
1042
1049
1108
1099
1113
1251
1267
1277
1312
1299
1490
1403
1505
1512
1507
1661
1660
1589
1587
1624
1672
1690
1653
1814
1910
1887
1910
1939
2014
2067
2067
2035
2142
2219
2165
2176
2150
2253
2309
2294
2318
2440
2556
2579
2556
2590
2886
2731
2776
2812
2945
2888
2964
2941
3067
3211
3340
3223
3240
3548
3618
3577
3669
3665
3821
3735
3798
3759
4201
4435
4457
4392
4564
4811
4875
4895
4898
5232
5325
5366
5345
5476
5958
5919
5895
5930
6391
6548
6539
6528
6546
6541
6541
6531
6520
6545
6556
6541
6522
6543
6544
6528
6553
6540
6549
6559
6544
6550
6552
6559
6546
6524
6536
6554
6548
6550
6549
6523
6551
6553
6554
6540
6543
6550
6540
6537
6558
6546
6532
6553
6559
6546
6535
6544
6537
6548
6541
6539
6552
6558
6530
6552
6542
6558
6551
6563
6546
6541
6525
6530
6527
6545
6548
6544
6546
6561
6519
6547
6539
6549
6551
6551
6537
6557
6545
6532
6552
6524
6563
6529
6545
6556
6563
6544
6545
6534
6561
6570
6549
6550
6550
6553
6539
6552
6542
6541
6542
