3275
6532
6548
6534
6543
6543
6533
6553
6556
6548
6552
6542
6554
6538
6537
6544
6555
6538
6551
6543
6549
6540
6525
6551
6562
6536
6545
6550
6536
6543
6543
6554
6530
6561
6535
6530
6543
6514
6527
6545
6542
6541
6537
6533
6524
6526
6531
6534
6543
6518
6529
6558
6521
6543
6531
6510
6547
6540
6549
6541
6520
6535
6537
6549
6533
6547
6534
6552
6538
6539
6529
6542
6561
6548
6553
6542
6532
6554
6540
6540
6538
6545
6541
6567
6526
6546
6526
6519
6548
6556
6549
6541
6538
6528
6562
6556
6541
6551
6544
6539
6552
6549
6528
6547
6530
6525
6532
6528
6552
6527
6341
5608
5579
5695
5681
5038
4877
4820
4847
4633
4188
4200
4143
4121
3853
3744
3759
3845
3607
3212
3272
3216
3270
3051
2902
2914
3005
2801
2476
2471
2439
2410
2430
2456
2449
2382
2311
2108
2138
2124
2107
1900
1815
1846
1800
1714
1461
1472
1499
1458
1294
1293
1266
1256
1249
1075
1136
1114
1054
997
952
997
981
931
839
812
821
731
851
859
766
895
856
929
911
858
909
931
954
846
884
859
822
852
859
838
926
887
848
836
912
939
948
949
938
896
920
935
989
894
895
896
855
893
812
808
829
813
797
802
782
788
839
946
958
887
963
922
805
769
814
780
827
788
818
803
859
888
872
918
901
943
909
938
965
927
981
985
926
986
841
897
946
933
898
894
886
818
822
864
916
899
896
910
910
930
956
899
862
843
854
869
814
852
798
773
781
950
1021
1026
934
1006
1092
1101
1102
1067
1256
1312
1235
1215
1281
1508
1518
1478
1497
1758
1812
1729
1777
1867
2091
2036
2084
2105
2282
2387
2474
2360
2427
2431
2417
2441
2383
2818
2889
2926
3001
3021
3248
3223
3278
3197
3638
3821
3770
3834
3870
4182
4148
4194
4229
4669
4873
4859
4882
5014
5589
5661
5659
5638
6321
6527
6544
6534
6522
6548
6546
6532
6531
6523
6540
6550
6532
6539
6557
6540
6532
6556
6541
6532
6527
6536
6550
6527
6539
6544
6514
6561
6537
6536
6563
6524
6549
6551
6554
6544
6524
6522
6537
6555
6535
6563
6550
6532
6557
6537
6541
6525
6538
6529
6548
6549
6552
6571
6557
6555
6548
6538
6526
6540
6524
6550
6535
6545
6563
6554
6534
6538
6555
6545
6544
6568
6551
6546
6531
6546
6542
6518
6548
6557
6549
6551
6539
6541
6553
6563
6553
6546
6559
6554
6548
6524
6543
6550
6552
6548
6537
6559
6536
6538
6533
6528
6520
6538
6550
6556
6548
6559
6558
6543
