392
869
960
1259
1090
752
755
836
872
739
742
716
778
674
634
614
587
570
595
668
512
549
515
513
471
462
384
407
398
403
364
371
450
440
436
419
466
481
389
342
348
417
491
643
601
430
321
279
280
231
318
420
366
318
274
301
349
328
309
314
286
254
349
350
362
348
343
266
317
268
379
390
405
331
336
314
279
251
248
279
326
303
299
294
288
301
293
303
332
341
309
319
266
274
245
261
258
243
260
312
303
280
265
253
257
206
272
268
229
230
221
238
214
270
231
258
267
261
282
227
214
241
239
246
277
254
245
204
233
242
268
290
333
252
254
246
216
259
243
322
324
327
405
383
431
442
493
487
500
560
431
373
357
301
441
396
424
429
394
418
371
388
380
375
450
441
450
492
565
546
588
629
608
627
588
603
615
678
792
819
798
936
930
868
979
1068
1181
1173
1294
1411
1432
1518
1676
1816
1757
2007
2376
2049
1569
1402
