334
690
713
629
681
632
638
679
672
708
639
639
656
659
699
633
622
671
667
667
680
677
662
688
697
668
674
693
664
666
667
690
676
667
676
661
677
618
659
634
640
641
684
641
658
671
659
642
668
608
671
664
673
686
664
633
668
680
668
650
673
673
689
690
661
676
674
640
663
671
671
647
645
656
649
662
670
613
649
659
563
377
340
190
155
116
60
39
12
25
4
9
6
3
4
7
4
7
2
6
3
4
0
1
2
0
2
0
0
0
0
0
0
0
0
1
1
0
0
0
0
0
0
1
0
0
0
0
0
1
1
0
0
0
0
0
0
0
0
0
0
0
0
0
0
0
0
0
0
0
0
0
0
0
0
0
0
0
0
0
0
0
0
0
0
0
0
0
0
1
1
0
0
0
0
0
0
0
0
0
0
0
0
0
0
0
0
0
0
1
0
0
0
0
0
0
0
0
3
2
1
1
0
1
0
3
4
4
8
11
17
22
45
90
135
363
450
519
679
672
659
649
702
664
624
651
655
664
682
653
661
699
688
672
683
663
695
680
705
650
631
639
706
702
634
630
637
682
643
635
695
651
673
669
687
655
716
661
743
659
696
657
673
675
668
663
675
672
690
680
672
607
709
650
657
666
706
692
708
656
663
699
676
675
666
671
668
682
722
627
665
671
662
653
665
671
694
700
688
651
