319
655
708
665
624
596
690
688
684
678
673
689
667
649
629
712
657
686
680
613
694
605
626
676
691
665
671
653
677
677
655
669
620
665
696
646
658
648
626
651
700
611
655
676
679
679
667
671
669
684
665
681
669
661
664
656
653
699
655
659
706
678
682
650
645
656
693
665
660
685
703
616
720
630
651
700
658
641
657
662
548
398
360
214
144
128
52
21
27
32
21
7
5
6
7
5
1
1
0
0
1
0
2
1
1
0
1
0
0
1
0
0
0
0
0
0
0
0
0
0
0
0
0
0
0
1
0
0
0
0
0
0
0
0
0
0
0
0
0
0
0
0
0
0
0
0
0
0
0
0
0
0
0
0
0
0
0
0
0
0
0
0
0
0
0
0
0
0
0
0
0
0
0
0
0
0
0
0
0
0
0
0
0
1
0
0
0
0
0
0
0
0
0
0
0
1
1
0
0
0
0
0
0
0
1
0
2
0
2
2
15
35
81
173
380
622
629
648
673
666
650
668
629
667
681
683
687
682
612
673
665
678
670
667
671
691
675
697
639
641
636
730
633
689
677
675
656
686
650
717
687
649
679
643
711
648
677
653
685
670
685
703
670
666
655
634
649
637
695
706
650
641
664
692
612
678
662
629
688
654
642
656
668
639
669
620
649
707
651
631
643
673
671
687
717
679
667
654
622
650
