356
642
672
657
660
652
681
647
630
673
667
681
679
649
693
656
635
717
684
697
673
694
671
666
679
670
654
707
638
647
708
674
654
721
668
687
664
655
634
690
694
660
667
627
637
624
688
603
667
648
694
694
683
641
659
645
679
694
674
657
685
622
670
607
712
607
672
701
690
645
683
658
655
637
654
685
665
674
712
647
680
645
645
676
615
692
368
170
79
38
24
5
0
2
2
1
2
2
0
0
0
1
1
2
0
0
0
0
0
0
0
0
0
0
0
0
0
0
0
0
0
0
0
0
0
0
0
0
0
0
0
0
0
0
0
0
0
0
0
0
0
0
0
0
0
0
0
0
0
0
0
0
0
0
0
0
0
0
0
0
0
0
0
0
0
0
0
0
0
0
0
0
0
0
0
0
0
0
0
0
0
0
0
0
0
0
0
0
0
0
0
1
0
0
1
0
1
1
0
2
1
1
1
1
2
3
4
8
10
9
10
40
26
24
49
117
139
205
346
404
534
687
696
645
691
615
658
677
695
672
676
680
626
659
676
641
625
634
659
643
674
610
670
692
687
712
654
684
636
665
638
656
652
679
653
680
685
700
683
630
718
692
692
649
665
647
677
674
689
584
673
665
714
653
651
669
650
674
670
645
682
675
634
646
684
665
707
731
688
660
665
652
659
661
657
663
680
692
699
640
