492
985
986
982
986
987
975
985
981
980
980
982
977
984
978
982
979
983
978
979
985
981
982
969
978
983
976
988
981
980
977
982
980
974
977
982
982
989
985
982
979
982
975
975
977
944
891
843
770
744
721
687
660
628
606
547
575
551
534
489
461
450
389
414
432
372
361
325
346
297
298
262
271
284
294
236
212
227
202
174
169
181
178
167
171
149
157
153
115
119
117
116
116
100
93
117
92
73
71
82
103
84
85
75
92
92
77
91
119
113
111
130
145
141
154
139
124
168
188
167
195
192
203
181
232
264
290
282
261
257
313
279
341
346
348
383
413
396
387
436
499
494
542
573
553
615
591
632
664
693
688
753
766
817
869
926
986
981
975
985
985
983
979
985
979
983
971
989
977
990
980
978
979
982
979
985
985
982
987
979
978
981
987
986
983
984
980
985
991
982
981
980
982
984
975
982
980
983
974
978
