489
977
979
976
975
980
987
970
983
985
979
985
978
984
985
988
979
973
981
989
979
983
979
981
978
970
976
977
979
979
978
980
983
980
980
974
985
984
986
982
979
989
976
979
981
938
875
851
818
764
738
692
639
602
570
581
560
532
494
440
446
422
416
373
384
336
334
356
337
322
331
291
288
246
265
245
225
230
225
220
200
198
155
163
154
149
121
139
98
105
100
101
106
107
108
88
115
93
75
91
103
100
108
71
96
113
110
108
111
104
108
113
139
140
131
143
163
160
163
184
193
210
204
250
242
240
241
274
279
300
323
322
312
330
365
386
396
421
417
450
431
443
479
500
528
543
563
638
654
704
732
734
816
847
897
933
974
977
986
983
987
976
983
987
988
983
976
977
981
981
988
984
984
981
987
979
982
982
979
990
982
980
989
982
970
987
987
980
983
983
990
986
986
981
985
982
978
982
981
983
