349
704
685
651
643
721
683
649
704
696
628
666
703
703
631
649
635
669
637
632
679
732
642
650
651
685
640
669
642
636
632
660
665
645
651
673
609
675
677
683
651
667
634
670
663
683
671
728
700
681
659
607
646
649
682
689
697
671
651
658
649
651
661
699
616
675
666
612
679
625
677
682
652
671
637
690
666
668
652
688
652
642
591
330
171
122
61
38
36
22
28
24
21
16
9
7
5
4
3
2
1
2
1
0
0
0
0
0
0
0
1
0
1
0
1
1
0
0
0
0
0
0
0
0
0
0
0
0
0
0
0
0
0
0
0
0
0
0
0
0
0
0
0
0
0
0
0
0
1
0
0
0
0
0
0
0
0
0
0
0
0
0
0
0
0
0
0
0
0
0
0
0
0
0
0
0
0
0
0
0
0
0
0
0
0
0
0
1
1
0
0
0
0
0
2
1
0
1
1
1
0
0
2
2
1
3
0
4
4
1
8
24
45
107
209
415
493
647
650
656
669
673
659
668
671
674
631
675
671
640
653
648
699
653
654
600
657
707
692
683
694
690
701
711
698
682
645
608
648
683
664
652
713
670
646
671
663
619
661
679
639
645
636
609
675
721
672
712
629
654
671
705
650
719
655
654
686
638
628
694
664
619
673
711
672
640
667
707
662
701
674
650
620
687
674
662
678
675
651
695
