334
617
651
628
667
669
656
676
631
660
661
683
673
615
729
705
693
705
666
684
680
639
677
693
667
645
684
648
692
650
693
680
644
651
651
656
640
613
726
701
723
642
628
686
675
680
661
661
698
671
711
698
670
650
698
668
686
675
629
689
632
658
699
669
696
675
650
682
662
623
672
645
654
681
661
673
669
597
642
661
649
715
639
522
429
323
172
106
60
27
15
13
4
6
3
1
2
1
2
1
1
1
0
1
0
0
1
0
1
0
0
0
0
0
1
1
0
1
0
0
0
0
0
1
0
0
0
0
0
0
0
0
0
0
0
0
0
0
0
0
0
0
0
0
0
0
0
0
0
0
0
2
0
0
0
0
0
0
0
0
0
0
0
0
0
1
0
0
0
0
0
0
0
0
0
0
0
0
0
1
0
1
0
0
1
0
0
2
0
0
0
0
0
0
0
1
2
1
3
3
0
2
3
5
5
4
3
5
3
2
0
7
12
18
54
110
190
318
639
676
670
715
628
686
630
661
675
680
688
663
662
685
689
650
674
668
642
684
677
659
645
663
661
624
659
662
648
669
628
648
657
674
706
662
696
702
682
678
635
630
665
677
640
691
653
697
676
688
625
692
652
640
666
722
690
703
661
651
669
639
657
675
683
685
669
674
685
637
680
638
631
645
639
675
657
653
634
670
631
694
