335
675
686
685
695
673
646
667
684
703
676
674
637
685
649
674
652
691
698
670
665
617
661
655
645
591
680
705
687
628
675
701
656
689
625
694
643
649
709
694
657
647
686
669
633
657
652
683
645
683
660
715
759
711
610
682
653
680
619
688
646
656
695
664
694
651
644
625
694
641
688
613
634
644
618
677
677
698
659
640
672
664
617
306
265
191
149
124
54
46
31
24
14
12
8
11
12
4
1
0
1
1
3
2
0
1
0
0
1
0
0
0
1
3
0
0
1
0
0
0
1
1
1
0
1
0
0
0
0
0
0
0
0
0
0
0
0
0
1
0
0
0
0
0
0
0
0
0
0
0
0
0
0
0
0
0
0
0
0
0
0
0
0
0
1
0
0
0
0
0
0
0
0
0
0
0
0
0
0
0
1
0
0
1
0
0
5
0
0
0
1
3
2
0
1
4
2
1
1
5
8
1
3
8
14
5
2
8
8
7
12
17
43
56
168
336
408
533
674
704
682
679
608
619
631
613
645
647
641
667
721
649
650
668
661
651
692
699
641
658
662
679
687
661
699
706
730
639
647
640
652
704
646
695
642
706
711
635
657
636
671
685
699
647
709
687
660
643
685
667
675
678
694
672
617
722
666
600
691
679
657
659
646
638
748
632
745
705
676
659
658
693
659
634
661
668
659
668
631
619
