358
651
678
655
662
678
714
641
651
701
675
658
664
687
615
645
686
698
642
654
657
633
675
687
680
718
667
634
665
631
702
722
647
619
666
686
721
688
652
647
628
686
674
680
626
694
652
644
688
687
661
661
687
650
651
655
653
654
663
652
687
708
662
682
669
670
563
659
650
655
649
628
646
651
710
676
666
658
684
659
353
253
245
209
152
107
89
36
23
9
5
10
6
4
1
3
5
1
1
6
2
3
2
3
0
0
0
0
0
1
0
1
0
0
0
0
0
0
0
0
0
1
0
0
0
0
0
0
0
0
0
0
0
0
1
0
0
0
0
0
0
0
0
0
0
0
0
0
0
1
0
1
0
0
0
0
0
0
0
0
0
0
0
0
0
0
0
0
0
0
0
0
0
0
0
0
0
0
0
0
0
0
0
0
1
0
2
0
0
2
1
0
1
0
0
1
2
0
0
4
2
3
0
1
1
0
1
3
1
3
3
10
26
42
83
124
157
195
240
243
360
717
651
690
632
668
668
670
689
649
695
675
709
660
667
671
703
662
652
673
668
697
642
658
683
634
716
656
657
622
671
631
674
649
677
706
675
662
635
682
653
635
623
654
676
694
641
678
638
684
637
620
684
655
655
667
603
640
629
655
673
627
618
684
696
649
646
673
687
696
654
637
651
653
689
651
688
684
725
660
