3283
6498
6543
6531
6554
6527
6543
6551
6519
6537
6539
6533
6533
6540
6535
6531
6544
6525
6530
6527
6526
6529
6552
6540
6540
6522
6542
6551
6546
6529
6549
6511
6562
6532
6522
6544
6542
6536
6546
6540
6528
6539
6530
6547
6543
6550
6531
6536
6531
6552
6543
6542
6542
6530
6548
6548
6542
6510
6551
6531
6542
6548
6525
6534
6541
6521
6543
6525
6549
6533
6529
6531
6531
6545
6529
6543
6535
6542
6533
6546
6539
6551
6533
6542
6546
6528
6528
6558
6542
6522
6542
6538
6545
6534
6536
6525
6525
6545
6520
6528
6529
6543
6532
6533
6538
6545
6539
6538
6544
6542
6523
6562
6523
6533
6544
6518
6533
6532
6529
6360
5960
5893
5903
5957
4790
4368
4387
4438
4161
3440
3470
3451
3440
2865
2648
2685
2684
2536
2116
2128
2083
2121
1712
1577
1572
1618
1543
1276
1236
1275
1294
1062
960
980
1013
943
905
914
951
971
945
951
915
1003
930
976
939
919
935
958
866
919
853
866
999
891
929
985
953
926
962
913
938
917
939
999
934
923
956
984
979
987
926
941
921
971
976
922
898
931
876
912
887
852
858
906
883
884
892
887
892
909
900
872
927
902
917
892
912
808
873
830
812
905
922
919
959
939
883
894
851
811
912
858
871
902
901
958
835
903
884
864
916
884
861
857
905
884
867
915
919
949
939
925
972
920
937
953
930
908
873
920
977
911
917
927
947
952
929
962
904
941
895
914
956
868
910
886
860
879
896
918
963
923
913
965
971
976
927
990
1005
952
943
974
957
980
969
959
988
1003
1253
1265
1306
1243
1540
1661
1674
1683
1755
2166
2136
2094
2070
2638
2692
2651
2712
2858
3331
3399
3428
3424
4100
4364
4398
4398
4813
5950
5929
5918
5935
6400
6533
6549
6542
6546
6545
6550
6544
6542
6540
6524
6531
6500
6517
6525
6538
6529
6547
6528
6527
6528
6527
6532
6546
6565
6544
6529
6542
6547
6533
6547
6531
6537
6540
6561
6514
6544
6530
6540
6540
6551
6548
6530
6541
6546
6546
6549
6542
6539
6544
6546
6528
6544
6531
6523
6506
6538
6522
6547
6536
6563
6539
6557
6545
6529
6536
6542
6527
6539
6538
6545
6533
6529
6534
6532
6529
6529
6544
6537
6551
6547
6523
6561
6521
6538
6533
6559
6548
6575
6537
6519
6531
6551
6555
6539
6548
6538
6537
6552
6527
6533
6530
6521
6542
6527
6517
6531
6532
6523
6539
6520
6543
6530
6543
6537
6533
6525
6541
6553
