273
599
705
1057
1055
845
654
734
836
834
788
722
642
610
644
630
604
576
609
560
495
532
506
517
518
472
449
442
426
468
390
399
395
369
375
371
391
345
376
353
312
360
345
345
326
286
322
281
345
267
288
344
213
302
245
263
269
252
282
231
270
239
202
231
235
244
280
206
239
226
225
217
248
246
234
221
191
226
192
214
215
216
206
157
190
138
176
147
169
180
160
136
160
159
154
142
147
170
156
173
163
176
178
162
175
181
191
165
147
118
165
155
143
147
165
159
175
156
175
162
167
156
169
195
184
174
186
201
195
186
179
227
265
218
256
267
306
290
285
296
334
283
319
312
274
345
297
347
307
357
336
315
406
345
353
362
415
366
366
455
374
374
383
394
392
369
402
461
495
483
464
505
530
525
554
584
565
593
643
589
542
647
630
683
641
704
726
686
751
825
836
786
910
809
729
863
1047
1100
698
639
