302
625
733
665
693
613
641
718
658
738
654
665
647
615
672
672
636
680
723
624
685
713
668
701
675
666
689
650
668
678
700
683
727
669
659
709
659
663
679
655
660
683
728
666
692
655
658
695
686
704
628
646
682
677
682
624
640
680
713
615
662
678
677
640
691
671
673
640
683
665
651
658
665
670
708
680
697
646
694
640
537
384
366
204
136
122
70
37
35
49
29
28
17
15
7
10
6
4
1
2
0
0
0
1
0
1
1
1
0
0
0
0
0
0
0
0
0
0
0
0
0
0
0
0
0
0
0
0
0
0
0
0
0
0
0
0
0
0
0
0
0
0
0
0
0
1
0
0
0
0
1
0
0
0
0
0
0
0
0
0
0
0
0
0
0
0
1
0
0
0
0
0
0
0
0
0
0
0
0
0
0
0
0
0
0
0
0
1
1
0
0
0
0
1
0
0
0
1
1
0
0
0
1
0
2
2
0
4
1
13
35
53
155
273
512
674
682
633
661
659
675
650
656
652
639
701
719
670
643
691
662
665
683
629
637
678
716
635
713
630
654
683
650
680
678
672
649
657
631
695
678
699
657
683
654
664
640
671
631
659
657
637
693
646
639
633
649
645
610
653
665
667
673
679
630
629
633
676
659
660
675
671
659
681
633
624
688
700
610
703
703
671
637
675
675
653
702
693
709
697
