326
667
664
660
695
692
717
669
636
735
689
677
666
624
680
652
638
674
699
650
642
705
650
654
648
660
702
607
647
691
678
646
684
672
589
690
687
673
666
651
683
659
651
673
676
669
674
681
688
663
722
673
639
609
671
643
672
621
675
661
677
694
679
652
636
690
661
665
635
684
625
664
659
642
650
690
640
689
660
632
422
404
398
326
230
183
102
78
41
37
13
15
18
11
2
3
2
2
1
1
1
1
0
0
0
1
0
1
0
0
1
0
0
0
0
0
0
0
0
0
1
0
0
0
0
0
0
0
0
0
0
0
0
0
0
0
0
0
0
0
0
0
0
0
0
0
0
0
0
0
0
0
0
0
0
0
0
0
0
0
0
0
0
0
0
0
0
0
0
0
0
0
0
0
0
0
0
0
0
0
0
0
0
2
0
0
1
0
0
0
1
1
1
1
2
0
0
1
2
2
0
1
2
2
4
3
5
3
4
7
8
23
27
40
82
215
252
272
377
401
434
632
690
662
672
695
645
657
652
673
687
633
621
682
664
675
636
692
668
692
767
660
685
665
644
646
668
643
694
632
676
648
648
705
683
673
606
714
682
653
666
682
675
682
700
645
636
617
656
640
688
657
642
674
618
672
627
665
724
702
653
665
706
669
692
678
674
658
649
713
627
656
690
687
645
680
660
679
663
659
