333
675
686
703
680
683
655
652
663
671
642
606
662
679
657
640
641
650
690
702
691
661
687
606
628
689
690
655
661
690
697
661
671
679
664
671
698
686
673
664
672
658
659
639
650
616
647
683
698
619
682
678
652
715
639
717
676
659
687
697
659
676
737
700
668
650
725
699
664
665
645
619
658
673
675
680
693
633
679
628
390
406
365
183
142
122
60
36
33
13
7
18
5
10
7
9
5
3
2
1
1
2
4
1
0
1
0
0
0
0
0
0
0
1
1
0
0
0
0
0
0
0
0
0
0
0
0
0
0
0
0
0
0
0
0
0
0
0
0
0
0
0
0
0
0
0
0
0
0
0
0
0
0
0
0
0
0
0
0
0
0
0
0
0
0
0
0
0
0
0
1
0
0
0
0
0
0
0
0
0
0
0
0
0
0
0
1
1
0
0
2
0
0
1
1
1
1
1
3
3
0
1
0
1
4
3
0
4
4
8
24
31
103
154
296
548
665
687
660
660
642
639
706
662
714
632
639
645
678
656
614
637
666
678
701
704
656
678
652
652
653
650
663
665
698
638
645
745
692
647
693
688
637
652
632
643
643
661
647
650
666
638
691
682
619
685
645
689
641
686
671
639
638
677
694
657
672
686
682
678
678
657
683
679
660
627
702
675
646
705
588
659
641
627
613
664
665
688
623
634
