320
669
656
678
661
695
658
651
680
657
672
719
683
681
706
674
633
686
690
660
664
666
700
698
710
694
632
675
682
690
660
604
675
641
676
612
694
686
672
637
682
665
679
684
683
624
630
709
673
670
664
636
644
672
667
620
646
721
663
732
661
649
687
686
679
678
680
706
672
618
669
639
696
679
674
685
688
668
660
678
634
660
685
622
491
398
220
99
58
23
4
1
0
3
4
0
2
3
2
2
0
5
1
0
0
0
0
0
0
0
1
0
0
0
0
0
0
0
0
0
0
0
0
0
0
0
0
0
0
0
0
0
0
0
0
0
0
0
0
1
1
0
0
0
0
0
0
0
1
0
0
0
0
0
0
0
0
0
0
0
0
0
0
0
0
0
0
0
0
0
0
1
0
0
1
0
0
0
0
0
0
0
0
0
0
1
1
0
0
0
0
0
0
0
0
1
0
1
0
1
1
1
2
3
1
12
9
15
18
25
26
22
27
36
67
110
180
336
610
630
695
710
689
675
646
692
689
666
677
695
629
653
669
708
700
676
702
610
668
681
686
634
659
631
638
651
665
647
684
674
657
645
659
671
672
657
660
694
685
632
703
647
699
654
650
652
647
692
643
679
663
657
650
666
653
622
657
687
689
663
659
662
639
659
662
698
679
628
651
705
671
660
654
677
635
655
696
684
702
650
